   50.00000      7.2999030E-02
   50.51071      7.3385857E-02
   51.02663      7.3879123E-02
   51.54782      7.4402072E-02
   52.07434      7.4971430E-02
   52.60624      7.5559586E-02
   53.14357      7.6153658E-02
   53.68638      7.6751597E-02
   54.23475      7.7312239E-02
   54.78871      7.7845164E-02
   55.34833      7.8499191E-02
   55.91366      7.9192579E-02
   56.48478      7.9939879E-02
   57.06172      8.0755591E-02
   57.64455      8.1613712E-02
   58.23335      8.2546927E-02
   58.82815      8.3612353E-02
   59.42903      8.4741227E-02
   60.03605      8.5847206E-02
   60.64927      8.6962178E-02
   61.26875      8.8087484E-02
   61.89455      8.9307420E-02
   62.52675      9.0653419E-02
   63.16541      9.2197575E-02
   63.81059      9.3600899E-02
   64.46236      9.4975941E-02
   65.12080      9.6288562E-02
   65.78595      9.7578526E-02
   66.45789      9.8866880E-02
   67.13670      0.1000605    
   67.82245      0.1012338    
   68.51520      0.1023794    
   69.21503      0.1034216    
   69.92200      0.1044160    
   70.63619      0.1053046    
   71.35768      0.1062460    
   72.08654      0.1072152    
   72.82285      0.1082135    
   73.56667      0.1091942    
   74.31808      0.1101638    
   75.07719      0.1111793    
   75.84403      0.1122339    
   76.61871      0.1133398    
   77.40131      0.1145941    
   78.19190      0.1158798    
   78.99056      0.1171541    
   79.79739      0.1183863    
   80.61245      0.1195966    
   81.43584      0.1207168    
   82.26763      0.1215349    
   83.10793      0.1220652    
   83.95681      0.1232040    
   84.81435      0.1247751    
   85.68066      0.1270431    
   86.55582      0.1290864    
   87.43991      0.1310955    
   88.33304      0.1330669    
   89.23528      0.1349556    
   90.14674      0.1368184    
   91.06752      0.1386166    
   91.99770      0.1404524    
   92.93738      0.1423305    
   93.88665      0.1440696    
   94.84563      0.1457433    
   95.81439      0.1472402    
   96.79305      0.1487093    
   97.78172      0.1501883    
   98.78047      0.1516925    
   99.78943      0.1532128    
   100.8087      0.1547556    
   101.8384      0.1563659    
   102.8786      0.1579819    
   103.9294      0.1595913    
   104.9909      0.1611488    
   106.0633      0.1626980    
   107.1467      0.1642019    
   108.2411      0.1655791    
   109.3467      0.1669004    
   110.4636      0.1682016    
   111.5919      0.1695166    
   112.7317      0.1708451    
   113.8831      0.1721668    
   115.0463      0.1734868    
   116.2215      0.1747983    
   117.4086      0.1760670    
   118.6078      0.1773235    
   119.8193      0.1785710    
   121.0431      0.1798174    
   122.2795      0.1810627    
   123.5284      0.1823024    
   124.7902      0.1835413    
   126.0648      0.1847789    
   127.3525      0.1861380    
   128.6533      0.1875448    
   129.9673      0.1890226    
   131.2948      0.1903979    
   132.6359      0.1916854    
   133.9907      0.1926753    
   135.3593      0.1934727    
   136.7419      0.1941103    
   138.1386      0.1947957    
   139.5495      0.1954569    
   140.9749      0.1961003    
   142.4148      0.1967011    
   143.8695      0.1971700    
   145.3390      0.1973573    
   146.8235      0.1974158    
   148.3232      0.1973769    
   149.8382      0.1973774    
   151.3687      0.1973297    
   152.9148      0.1972230    
   154.4767      0.1970737    
   156.0545      0.1967649    
   157.6485      0.1962464    
   159.2587      0.1952887    
   160.8854      0.1941196    
   162.5287      0.1929299    
   164.1888      0.1916509    
   165.8659      0.1902281    
   167.5600      0.1886913    
   169.2715      0.1867195    
   171.0005      0.1842536    
   172.7471      0.1814283    
   174.5116      0.1784271    
   176.2941      0.1754237    
   178.0948      0.1723920    
   179.9138      0.1692404    
   181.7515      0.1661118    
   183.6080      0.1629460    
   185.4834      0.1597143    
   187.3779      0.1566328    
   189.2918      0.1535514    
   191.2253      0.1505348    
   193.1785      0.1477103    
   195.1516      0.1449513    
   197.1449      0.1423874    
   199.1586      0.1401137    
   201.1928      0.1379927    
   203.2479      0.1361421    
   205.3239      0.1344227    
   207.4211      0.1328164    
   209.5397      0.1315583    
   211.6800      0.1305850    
   213.8421      0.1300408    
   216.0263      0.1297139    
   218.2328      0.1294007    
   220.4619      0.1290112    
   222.7137      0.1286720    
   224.9886      0.1283640    
   227.2867      0.1281925    
   229.6082      0.1281335    
   231.9534      0.1281910    
   234.3226      0.1284772    
   236.7161      0.1287684    
   239.1339      0.1290402    
   241.5765      0.1293162    
   244.0440      0.1296024    
   246.5367      0.1299701    
   249.0548      0.1304721    
   251.5987      0.1310618    
   254.1686      0.1317161    
   256.7647      0.1323384    
   259.3873      0.1329235    
   262.0367      0.1335355    
   264.7132      0.1341646    
   267.4171      0.1348463    
   270.1485      0.1356388    
   272.9078      0.1365030    
   275.6954      0.1375792    
   278.5114      0.1385532    
   281.3561      0.1394390    
   284.2299      0.1401802    
   287.1331      0.1408961    
   290.0659      0.1415873    
   293.0287      0.1422682    
   296.0217      0.1429390    
   299.0453      0.1436135    
   302.0999      0.1443019    
   305.1855      0.1449971    
   308.3028      0.1457719    
   311.4518      0.1465576    
   314.6330      0.1473561    
   317.8467      0.1480900    
   321.0933      0.1487925    
   324.3730      0.1494566    
   327.6862      0.1501137    
   331.0332      0.1507611    
   334.4144      0.1514143    
   337.8302      0.1520784    
   341.2808      0.1527458    
   344.7667      0.1534727    
   348.2882      0.1542769    
   351.8457      0.1551851    
   355.4395      0.1560524    
   359.0700      0.1568690    
   362.7376      0.1575762    
   366.4427      0.1582120    
   370.1856      0.1588053    
   373.9667      0.1593562    
   377.7865      0.1598842    
   381.6452      0.1603897    
   385.5434      0.1608819    
   389.4814      0.1613665    
   393.4596      0.1618487    
   397.4785      0.1623835    
   401.5384      0.1629412    
   405.6398      0.1635592    
   409.7830      0.1640950    
   413.9686      0.1645741    
   418.1970      0.1649346    
   422.4685      0.1652590    
   426.7837      0.1655458    
   431.1429      0.1657892    
   435.5466      0.1660082    
   439.9954      0.1661988    
   444.4896      0.1663866    
   449.0296      0.1665697    
   453.6161      0.1667692    
   458.2494      0.1669176    
   462.9301      0.1670264    
   467.6585      0.1670617    
   472.4352      0.1670645    
   477.2607      0.1670296    
   482.1356      0.1669530    
   487.0602      0.1668491    
   492.0351      0.1667112    
   497.0608      0.1665428    
   502.1378      0.1663507    
   507.2668      0.1661352    
   512.4481      0.1658992    
   517.6823      0.1656434    
   522.9700      0.1653469    
   528.3116      0.1650250    
   533.7079      0.1646737    
   539.1593      0.1642928    
   544.6664      0.1638892    
   550.2297      0.1634594    
   555.8498      0.1630079    
   561.5273      0.1625380    
   567.2629      0.1620651    
   573.0569      0.1615723    
   578.9103      0.1610603    
   584.8234      0.1605090    
   590.7968      0.1599349    
   596.8313      0.1593344    
   602.9274      0.1587097    
   609.0858      0.1580660    
   615.3071      0.1574016    
   621.5920      0.1567221    
   627.9410      0.1560283    
   634.3549      0.1553306    
   640.8343      0.1546421    
   647.3799      0.1539689    
   653.9923      0.1534485    
   660.6723      0.1529418    
   667.4205      0.1524127    
   674.2376      0.1517768    
   681.1244      0.1510871    
   688.0815      0.1503261    
   695.1097      0.1495254    
   702.2096      0.1486916    
   709.3821      0.1477926    
   716.6279      0.1468629    
   723.9476      0.1458882    
   731.3421      0.1448545    
   738.8121      0.1437937    
   746.3585      0.1426982    
   753.9819      0.1415709    
   761.6832      0.1404202    
   769.4631      0.1392302    
   777.3226      0.1380158    
   785.2623      0.1367764    
   793.2830      0.1355525    
   801.3857      0.1343415    
   809.5712      0.1331617    
   817.8403      0.1319018    
   826.1938      0.1306008    
   834.6328      0.1292430    
   843.1578      0.1278482    
   851.7700      0.1264241    
   860.4700      0.1249514    
   869.2590      0.1235022    
   878.1378      0.1220858    
   887.1072      0.1207651    
   896.1683      0.1194082    
   905.3218      0.1179276    
   914.5690      0.1163719    
   923.9105      0.1147692    
   933.3475      0.1130913    
   942.8808      0.1113747    
   952.5115      0.1096240    
   962.2407      0.1078717    
   972.0692      0.1060845    
   981.9980      0.1042505    
   992.0283      0.1023371    
   1002.161      0.1003831    
   1012.397      9.8374963E-02
   1022.738      9.6365668E-02
   1033.184      9.4359964E-02
   1043.738      9.2443414E-02
   1054.398      9.0482183E-02
   1065.168      8.8480160E-02
   1076.048      8.6368971E-02
   1087.039      8.4222540E-02
   1098.142      8.2027517E-02
   1109.359      7.9790697E-02
   1120.690      7.7545635E-02
   1132.137      7.5275891E-02
   1143.701      7.3005810E-02
   1155.382      7.0754200E-02
   1167.184      6.8499334E-02
   1179.106      6.6279151E-02
   1191.149      6.4095922E-02
   1203.316      6.1937191E-02
   1215.607      5.9830915E-02
   1228.023      5.7757951E-02
   1240.566      5.5704139E-02
   1253.238      5.3708490E-02
   1266.038      5.1768377E-02
   1278.970      4.9895924E-02
   1292.033      4.8096616E-02
   1305.230      4.6337299E-02
   1318.562      4.4672847E-02
   1332.030      4.3106567E-02
   1345.636      4.1588221E-02
   1359.380      4.0136758E-02
   1373.265      3.8718674E-02
   1387.292      3.7336085E-02
   1401.462      3.6001656E-02
   1415.777      3.4668908E-02
   1430.238      3.3326697E-02
   1444.846      3.1965781E-02
   1459.604      3.0585235E-02
   1474.513      2.9225590E-02
   1489.574      2.7874937E-02
   1504.788      2.6712880E-02
   1520.159      2.5617197E-02
   1535.686      2.4473878E-02
   1551.371      2.3264367E-02
   1567.217      2.2005046E-02
   1583.225      2.0584477E-02
   1599.397      1.9162660E-02
   1615.733      1.7743479E-02
   1632.236      1.6338306E-02
   1648.908      1.4971157E-02
   1665.750      1.3657800E-02
   1682.765      1.2331029E-02
   1699.953      1.1028565E-02
   1717.316      9.7530112E-03
   1734.857      8.5607497E-03
   1752.577      7.4525466E-03
   1770.479      6.3813408E-03
   1788.562      5.4044332E-03
   1806.831      4.5245918E-03
   1825.286      3.7663535E-03
   1843.930      3.1007018E-03
   1862.764      2.5181971E-03
   1881.791      2.0230142E-03
   1901.012      1.6144140E-03
   1920.429      1.2881272E-03
   1940.045      1.0357526E-03
   1959.860      8.5273170E-04
   1979.879      7.3147361E-04
   2000.102      6.7017495E-04
   2020.531      6.6596904E-04
   2041.169      7.2994316E-04
   2062.018      8.8178559E-04
   2083.079      1.1597767E-03
   2104.356      1.6274319E-03
   2125.851      2.3541995E-03
   2147.564      3.5270280E-03
   2169.500      5.3272438E-03
   2191.659      7.9244561E-03
   2214.045      1.0574699E-02
   2236.660      9.5470408E-03
   2259.506      6.6281427E-03
   2282.584      6.4184526E-03
   2305.899      6.5171095E-03
   2329.452      6.3191936E-03
   2353.245      6.5038670E-03
   2377.282      6.7522940E-03
   2401.564      7.0353579E-03
   2426.094      7.3365960E-03
   2450.874      7.6460904E-03
   2475.908      7.9764687E-03
   2501.197      8.3105275E-03
   2526.745      8.6377887E-03
   2552.553      8.9501636E-03
   2578.625      9.2480881E-03
   2604.964      9.5606726E-03
   2631.572      9.8978570E-03
   2658.451      1.0262530E-02
   2685.604      1.0588268E-02
   2713.036      1.1028543E-02
   2740.747      1.1657837E-02
   2768.741      1.2139403E-02
   2797.022      1.2570613E-02
   2825.591      1.2844601E-02
   2854.452      1.3107037E-02
   2883.608      1.3353631E-02
   2913.062      1.3572197E-02
   2942.816      1.3753054E-02
   2972.874      1.3892501E-02
   3003.240      1.4030262E-02
   3033.915      1.4155428E-02
   3064.904      1.4279124E-02
   3096.209      1.4402724E-02
   3127.835      1.4552676E-02
   3159.783      1.4834808E-02
   3192.057      1.5068439E-02
   3224.662      1.5256600E-02
   3257.599      1.5307363E-02
   3290.872      1.5359605E-02
   3324.486      1.5436870E-02
   3358.443      1.5555979E-02
   3392.746      1.5715389E-02
   3427.400      1.5936609E-02
   3462.408      1.6088882E-02
   3497.774      1.6195668E-02
   3533.501      1.6273960E-02
   3569.593      1.6434960E-02
   3606.053      1.6697189E-02
   3642.886      1.6998738E-02
   3680.095      1.7349705E-02
   3717.684      1.7749500E-02
   3755.657      1.8189080E-02
   3794.018      1.8682435E-02
   3832.770      1.9225249E-02
   3871.919      1.9824382E-02
   3911.467      2.0486567E-02
   3951.419      2.1175865E-02
   3991.780      2.1911344E-02
   4032.552      2.2683907E-02
   4073.742      2.3487335E-02
   4115.352      2.4322823E-02
   4157.386      2.5142102E-02
   4199.851      2.6104242E-02
   4242.749      2.7114203E-02
   4286.084      2.7813168E-02
   4329.863      2.8553797E-02
   4374.089      2.9351950E-02
   4418.767      3.0048275E-02
   4463.901      3.0732566E-02
   4509.496      3.1394146E-02
   4555.556      3.1973228E-02
   4602.087      3.2508157E-02
   4649.094      3.2972906E-02
   4696.581      3.3358924E-02
   4744.552      3.3680525E-02
   4793.014      3.3894330E-02
   4841.970      3.4019735E-02
   4891.427      3.4052663E-02
   4941.389      3.3984479E-02
   4991.861      3.3817161E-02
   5042.848      3.3520468E-02
   5094.357      3.3166725E-02
   5146.391      3.2747474E-02
   5198.958      3.2257874E-02
   5252.061      3.1558860E-02
   5305.706      3.0714372E-02
   5359.899      3.0145330E-02
   5414.646      2.9408986E-02
   5469.952      2.8476276E-02
   5525.823      2.7476974E-02
   5582.264      2.6393155E-02
   5639.283      2.5228051E-02
   5696.883      2.3991680E-02
   5755.072      2.2686772E-02
   5813.855      2.1353060E-02
   5873.239      2.0039693E-02
   5933.229      1.8730929E-02
   5993.832      1.7295163E-02
   6055.054      1.5888456E-02
   6116.901      1.4546637E-02
   6179.380      1.3226201E-02
   6242.497      1.1934749E-02
   6306.259      1.0708585E-02
   6370.672      9.5583666E-03
   6435.743      8.4814066E-03
   6501.479      7.5093573E-03
   6567.886      6.6289371E-03
   6634.971      5.8437921E-03
   6702.742      5.1713903E-03
   6771.205      4.5924243E-03
   6840.367      4.1120430E-03
   6910.235      3.7288116E-03
   6980.817      3.4299691E-03
   7052.121      3.2167684E-03
   7124.152      3.0793110E-03
   7196.919      3.0090264E-03
   7270.430      3.0040059E-03
   7344.691      3.0527816E-03
   7419.711      3.1495017E-03
   7495.497      3.2892115E-03
   7572.057      3.4631977E-03
   7649.399      3.6664922E-03
   7727.531      3.8932243E-03
   7806.461      4.1368790E-03
   7886.198      4.3937960E-03
   7966.749      4.6582907E-03
   8048.123      4.9252529E-03
   8130.327      5.1932810E-03
   8213.371      5.4560401E-03
   8297.264      5.7109455E-03
   8382.014      5.9567844E-03
   8467.629      6.1880411E-03
   8554.118      6.4048530E-03
   8641.491      6.6048275E-03
   8729.757      6.7837513E-03
   8818.924      6.9451183E-03
   8909.002      7.0837983E-03
   9000.000      7.1982383E-03
