           1
   0.0000000000000000        0.0000000000000000        0.0000000000000000
   0.0000000000000000        500.00000000000000        0.0000000000000000
  -0.0000000000000000        518.53658166753894        7.5096697718780785
   1.0000000000000000        0.0000000000000000        0.0000000000000000
  -0.0000000000000000       0.98153682645557083       0.19127325560968145
  -0.0000000000000000      -0.19127325560968139       0.98153682645557094
  -0.0000000000000000       0.92682908337694692       0.37548348859390390
  -0.0000000000000000      -0.37548348859390385       0.92682908337694692
           2
  -0.0000000000000000        518.53658166753894        7.5096697718780785
  -0.0000000000000000        981.95112335601243        195.25141406883003
  -9.1966930487841222E-016   1001.9511233560124        195.25141406883003
  -1.0000000000000000       -4.5983465243920607E-017   1.1350382703142535E-016
  -1.5583303701985000E-017  0.96707417847451105       0.25449466267065313
  -1.2146916675580793E-016  0.25449466267065313      -0.96707417847451094
  -4.5983465243920613E-017   1.0000000000000000        0.0000000000000000
  -1.1350382703142535E-016   0.0000000000000000       -1.0000000000000000
           3
  -9.1966930487841222E-016   1001.9511233560124        195.25141406883003     
  -4.5500969500433432E-015   1080.9018424005042        195.25141406883003     
  -5.4697662549217557E-015   1100.9018424005042        195.25141406883003     
  -1.0000000000000000       -4.5983465243920607E-017   1.1350382703142535E-016
  -1.1350382703142535E-016   6.1232339957367660E-017  -1.0000000000000000     
   4.5983465243920601E-017  -1.0000000000000000       -1.2246467991473532E-016
  -4.5983465243920613E-017   1.0000000000000000        0.0000000000000000     
  -1.1350382703142535E-016   6.1232339957367660E-017  -1.0000000000000000     
