           1
   0.0000000000000000        0.0000000000000000        0.0000000000000000
   0.0000000000000000        500.00000000000000        0.0000000000000000
  -0.0000000000000000        519.99549216485423       0.42460933251067373
   1.0000000000000000        0.0000000000000000        0.0000000000000000
  -0.0000000000000000       0.99994365047304268        1.0615831509850682E-002
  -0.0000000000000000       -1.0615831509850621E-002  0.99994365047304268
  -0.0000000000000000       0.99977460824270892        2.1230466625533687E-002
  -0.0000000000000000       -2.1230466625533625E-002  0.99977460824270892
           2
  -0.0000000000000000        519.99549216485423       0.42460933251067373     
  -0.0000000000000000        1019.8827962862088        11.039842645277517     
  -5.1999645994727991E-017   1039.8827962862088        11.039842645277526     
  -1.0000000000000000       -2.5999822997364462E-018   1.2243707738532325E-016
  -8.6670417832774839E-019  0.99989982212232709        1.4154353384685337E-002
  -1.2246161296702671E-016   1.4154353384685337E-002 -0.99989982212232709     
  -2.5999822997363996E-018   1.0000000000000000        4.4408920985006262E-016
  -1.2243707738532325E-016   4.4408920985006262E-016  -1.0000000000000000     
