   50.00000      4.0695008E-02
   50.51071      4.0989667E-02
   51.02663      4.1324012E-02
   51.54782      4.1671135E-02
   52.07434      4.2037703E-02
   52.60624      4.2413127E-02
   53.14357      4.2792585E-02
   53.68638      4.3175168E-02
   54.23475      4.3543968E-02
   54.78871      4.3902930E-02
   55.34833      4.4307977E-02
   55.91366      4.4729978E-02
   56.48478      4.5174591E-02
   57.06172      4.5647424E-02
   57.64455      4.6138477E-02
   58.23335      4.6660360E-02
   58.82815      4.7236528E-02
   59.42903      4.7839992E-02
   60.03605      4.8439413E-02
   60.64927      4.9044177E-02
   61.26875      4.9654864E-02
   61.89455      5.0303552E-02
   62.52675      5.1004663E-02
   63.16541      5.1786937E-02
   63.81059      5.2522421E-02
   64.46236      5.3251117E-02
   65.12080      5.3958602E-02
   65.78595      5.4662120E-02
   66.45789      5.5369463E-02
   67.13670      5.6043461E-02
   67.82245      5.6713272E-02
   68.51520      5.7376139E-02
   69.21503      5.8002915E-02
   69.92200      5.8613423E-02
   70.63619      5.9182506E-02
   71.35768      5.9772514E-02
   72.08654      6.0375728E-02
   72.82285      6.0992628E-02
   73.56667      6.1605405E-02
   74.31808      6.2216930E-02
   75.07719      6.2845759E-02
   75.84403      6.3492678E-02
   76.61871      6.4162076E-02
   77.40131      6.4892955E-02
   78.19190      6.5641329E-02
   78.99056      6.6393055E-02
   79.79739      6.7132644E-02
   80.61245      6.7868382E-02
   81.43584      6.8573684E-02
   82.26763      6.9160633E-02
   83.10793      6.9634415E-02
   83.95681      7.0305742E-02
   84.81435      7.1165845E-02
   85.68066      7.2332695E-02
   86.55582      7.3419258E-02
   87.43991      7.4500591E-02
   88.33304      7.5580359E-02
   89.23528      7.6634549E-02
   90.14674      7.7685975E-02
   91.06752      7.8716956E-02
   91.99770      7.9772592E-02
   92.93738      8.0855563E-02
   93.88665      8.1891634E-02
   94.84563      8.2909070E-02
   95.81439      8.3861224E-02
   96.79305      8.4802248E-02
   97.78172      8.5751645E-02
   98.78047      8.6714216E-02
   99.78943      8.7688297E-02
   100.8087      8.8677369E-02
   101.8384      8.9699656E-02
   102.8786      9.0731710E-02
   103.9294      9.1768280E-02
   104.9909      9.2788756E-02
   106.0633      9.3812540E-02
   107.1467      9.4823323E-02
   108.2411      9.5784694E-02
   109.3467      9.6727550E-02
   110.4636      9.7662650E-02
   111.5919      9.8608293E-02
   112.7317      9.9564977E-02
   113.8831      0.1005225    
   115.0463      0.1014860    
   116.2215      0.1024521    
   117.4086      0.1034050    
   118.6078      0.1043597    
   119.8193      0.1053158    
   121.0431      0.1062778    
   122.2795      0.1072472    
   123.5284      0.1082199    
   124.7902      0.1092000    
   126.0648      0.1101876    
   127.3525      0.1112318    
   128.6533      0.1123085    
   129.9673      0.1134305    
   131.2948      0.1145212    
   132.6359      0.1155871    
   133.9907      0.1165358    
   135.3593      0.1174005    
   136.7419      0.1181968    
   138.1386      0.1190144    
   139.5495      0.1198272    
   140.9749      0.1206365    
   142.4148      0.1214306    
   143.8695      0.1221690    
   145.3390      0.1227791    
   146.8235      0.1233224    
   148.3232      0.1238161    
   149.8382      0.1243218    
   151.3687      0.1248017    
   152.9148      0.1252503    
   154.4767      0.1256737    
   156.0545      0.1260173    
   157.6485      0.1262553    
   159.2587      0.1262749    
   160.8854      0.1261869    
   162.5287      0.1260833    
   164.1888      0.1259326    
   165.8659      0.1257094    
   167.5600      0.1254291    
   169.2715      0.1249390    
   171.0005      0.1242117    
   172.7471      0.1233168    
   174.5116      0.1223369    
   176.2941      0.1213533    
   178.0948      0.1203507    
   179.9138      0.1192821    
   181.7515      0.1182138    
   183.6080      0.1171139    
   185.4834      0.1159658    
   187.3779      0.1148733    
   189.2918      0.1137617    
   191.2253      0.1126618    
   193.1785      0.1116375    
   195.1516      0.1106255    
   197.1449      0.1096928    
   199.1586      0.1088918    
   201.1928      0.1081542    
   203.2479      0.1075470    
   205.3239      0.1069960    
   207.4211      0.1064931    
   209.5397      0.1061680    
   211.6800      0.1059910    
   213.8421      0.1060458    
   216.0263      0.1062363    
   218.2328      0.1064375    
   220.4619      0.1065947    
   222.7137      0.1067789    
   224.9886      0.1069797    
   227.2867      0.1072578    
   229.6082      0.1076006    
   231.9534      0.1080114    
   234.3226      0.1085646    
   236.7161      0.1091255    
   239.1339      0.1096804    
   241.5765      0.1102404    
   244.0440      0.1108093    
   246.5367      0.1114291    
   249.0548      0.1121320    
   251.5987      0.1128913    
   254.1686      0.1137035    
   256.7647      0.1145016    
   259.3873      0.1152824    
   262.0367      0.1160839    
   264.7132      0.1169004    
   267.4171      0.1177536    
   270.1485      0.1186791    
   272.9078      0.1196552    
   275.6954      0.1207756    
   278.5114      0.1218447    
   281.3561      0.1228701    
   284.2299      0.1238123    
   287.1331      0.1247449    
   290.0659      0.1256679    
   293.0287      0.1265902    
   296.0217      0.1275122    
   299.0453      0.1284422    
   302.0999      0.1293869    
   305.1855      0.1303422    
   308.3028      0.1313535    
   311.4518      0.1323817    
   314.6330      0.1334281    
   317.8467      0.1344416    
   321.0933      0.1354422    
   324.3730      0.1364250    
   327.6862      0.1374098    
   331.0332      0.1383953    
   334.4144      0.1393911    
   337.8302      0.1404009    
   341.2808      0.1414202    
   344.7667      0.1424851    
   348.2882      0.1436086    
   351.8457      0.1448088    
   355.4395      0.1460024    
   359.0700      0.1471730    
   362.7376      0.1482791    
   366.4427      0.1493454    
   370.1856      0.1503912    
   373.9667      0.1514157    
   377.7865      0.1524323    
   381.6452      0.1534414    
   385.5434      0.1544482    
   389.4814      0.1554577    
   393.4596      0.1564731    
   397.4785      0.1575319    
   401.5384      0.1586161    
   405.6398      0.1597536    
   409.7830      0.1608436    
   413.9686      0.1619027    
   418.1970      0.1628857    
   422.4685      0.1638502    
   426.7837      0.1647947    
   431.1429      0.1657146    
   435.5466      0.1666234    
   439.9954      0.1675180    
   444.4896      0.1684166    
   449.0296      0.1693179    
   453.6161      0.1702372    
   458.2494      0.1711252    
   462.9301      0.1719894    
   467.6585      0.1728045    
   472.4352      0.1736000    
   477.2607      0.1743718    
   482.1356      0.1751169    
   487.0602      0.1758450    
   492.0351      0.1765513    
   497.0608      0.1772382    
   502.1378      0.1779098    
   507.2668      0.1785674    
   512.4481      0.1792116    
   517.6823      0.1798424    
   522.9700      0.1804451    
   528.3116      0.1810296    
   533.7079      0.1815932    
   539.1593      0.1821364    
   544.6664      0.1826624    
   550.2297      0.1831701    
   555.8498      0.1836622    
   561.5273      0.1841399    
   567.2629      0.1846176    
   573.0569      0.1850785    
   578.9103      0.1855225    
   584.8234      0.1859375    
   590.7968      0.1863331    
   596.8313      0.1867077    
   602.9274      0.1870639    
   609.0858      0.1874032    
   615.3071      0.1877271    
   621.5920      0.1880386    
   627.9410      0.1883364    
   634.3549      0.1886344    
   640.8343      0.1889387    
   647.3799      0.1892554    
   653.9923      0.1896850    
   660.6723      0.1901148    
   667.4205      0.1905112    
   674.2376      0.1908166    
   681.1244      0.1910717    
   688.0815      0.1912685    
   695.1097      0.1914291    
   702.2096      0.1915573    
   709.3821      0.1916347    
   716.6279      0.1916816    
   723.9476      0.1916893    
   731.3421      0.1916523    
   738.8121      0.1915893    
   746.3585      0.1914990    
   753.9819      0.1913823    
   761.6832      0.1912428    
   769.4631      0.1910749    
   777.3226      0.1908850    
   785.2623      0.1906730    
   793.2830      0.1904788    
   801.3857      0.1902876    
   809.5712      0.1901129    
   817.8403      0.1898748    
   826.1938      0.1896022    
   834.6328      0.1892874    
   843.1578      0.1889444    
   851.7700      0.1885781    
   860.4700      0.1881780    
   869.2590      0.1877989    
   878.1378      0.1874492    
   887.1072      0.1871699    
   896.1683      0.1868638    
   905.3218      0.1864644    
   914.5690      0.1860118    
   923.9105      0.1855281    
   933.3475      0.1849914    
   942.8808      0.1844304    
   952.5115      0.1838490    
   962.2407      0.1832745    
   972.0692      0.1826802    
   981.9980      0.1820562    
   992.0283      0.1813718    
   1002.161      0.1806602    
   1012.397      0.1799057    
   1022.738      0.1791530    
   1033.184      0.1784092    
   1043.738      0.1777622    
   1054.398      0.1770858    
   1065.168      0.1763806    
   1076.048      0.1755633    
   1087.039      0.1747031    
   1098.142      0.1737743    
   1109.359      0.1727722    
   1120.690      0.1717254    
   1132.137      0.1706012    
   1143.701      0.1694174    
   1155.382      0.1681843    
   1167.184      0.1668655    
   1179.106      0.1654951    
   1191.149      0.1640656    
   1203.316      0.1625564    
   1215.607      0.1609867    
   1228.023      0.1593302    
   1240.566      0.1575968    
   1253.238      0.1558257    
   1266.038      0.1540474    
   1278.970      0.1522628    
   1292.033      0.1504798    
   1305.230      0.1487105    
   1318.562      0.1469765    
   1332.030      0.1452948    
   1345.636      0.1436359    
   1359.380      0.1420268    
   1373.265      0.1404708    
   1387.292      0.1389920    
   1401.462      0.1376214    
   1415.777      0.1363551    
   1430.238      0.1352087    
   1444.846      0.1341961    
   1459.604      0.1332931    
   1474.513      0.1325514    
   1489.574      0.1319356    
   1504.788      0.1316887    
   1520.159      0.1317813    
   1535.686      0.1321824    
   1551.371      0.1328942    
   1567.217      0.1339585    
   1583.225      0.1350101    
   1599.397      0.1362931    
   1615.733      0.1377550    
   1632.236      0.1393166    
   1648.908      0.1411839    
   1665.750      0.1434126    
   1682.765      0.1456782    
   1699.953      0.1479968    
   1717.316      0.1499626    
   1734.857      0.1520167    
   1752.577      0.1541215    
   1770.479      0.1554724    
   1788.562      0.1564169    
   1806.831      0.1568117    
   1825.286      0.1573546    
   1843.930      0.1575145    
   1862.764      0.1567826    
   1881.791      0.1552254    
   1901.012      0.1530062    
   1920.429      0.1506974    
   1940.045      0.1477244    
   1959.860      0.1440017    
   1979.879      0.1390105    
   2000.102      0.1332068    
   2020.531      0.1266721    
   2041.169      0.1194892    
   2062.018      0.1116352    
   2083.079      0.1030056    
   2104.356      9.3583517E-02
   2125.851      8.3664335E-02
   2147.564      7.2793476E-02
   2169.500      6.1661322E-02
   2191.659      5.1240552E-02
   2214.045      4.2354651E-02
   2236.660      3.9050899E-02
   2259.506      3.5101585E-02
   2282.584      3.3096198E-02
   2305.899      3.1897757E-02
   2329.452      3.0116988E-02
   2353.245      3.0497067E-02
   2377.282      3.2475654E-02
   2401.564      3.3927117E-02
   2426.094      3.5101194E-02
   2450.874      3.5791948E-02
   2475.908      3.6238838E-02
   2501.197      3.6635503E-02
   2526.745      3.6974236E-02
   2552.553      3.7204809E-02
   2578.625      3.7352007E-02
   2604.964      3.7111063E-02
   2631.572      3.6870956E-02
   2658.451      3.6637381E-02
   2685.604      3.5881933E-02
   2713.036      3.5006940E-02
   2740.747      3.3964645E-02
   2768.741      3.4209240E-02
   2797.022      3.4891326E-02
   2825.591      3.5722539E-02
   2854.452      3.6277935E-02
   2883.608      3.6661994E-02
   2913.062      3.7050892E-02
   2942.816      3.7407249E-02
   2972.874      3.7718240E-02
   3003.240      3.7939712E-02
   3033.915      3.8157951E-02
   3064.904      3.8370144E-02
   3096.209      3.8510028E-02
   3127.835      3.8644444E-02
   3159.783      3.8747892E-02
   3192.057      3.9048765E-02
   3224.662      3.9507434E-02
   3257.599      4.0140033E-02
   3290.872      4.0774304E-02
   3324.486      4.1393247E-02
   3358.443      4.2002894E-02
   3392.746      4.2643923E-02
   3427.400      4.3263096E-02
   3462.408      4.4033885E-02
   3497.774      4.4917114E-02
   3533.501      4.6027102E-02
   3569.593      4.7152426E-02
   3606.053      4.8304431E-02
   3642.886      4.9520895E-02
   3680.095      5.0829552E-02
   3717.684      5.2219920E-02
   3755.657      5.3682275E-02
   3794.018      5.5243313E-02
   3832.770      5.6906350E-02
   3871.919      5.8652427E-02
   3911.467      6.0493235E-02
   3951.419      6.2374674E-02
   3991.780      6.4337254E-02
   4032.552      6.6368461E-02
   4073.742      6.8464004E-02
   4115.352      7.0624717E-02
   4157.386      7.2790638E-02
   4199.851      7.5152859E-02
   4242.749      7.7563375E-02
   4286.084      7.9383738E-02
   4329.863      8.1399642E-02
   4374.089      8.3610162E-02
   4418.767      8.5620545E-02
   4463.901      8.7621495E-02
   4509.496      8.9602649E-02
   4555.556      9.1442764E-02
   4602.087      9.3193531E-02
   4649.094      9.4820984E-02
   4696.581      9.6293822E-02
   4744.552      9.7618796E-02
   4793.014      9.8733053E-02
   4841.970      9.9649809E-02
   4891.427      0.1003547    
   4941.389      0.1008511    
   4991.861      0.1011138    
   5042.848      0.1011012    
   5094.357      0.1009753    
   5146.391      0.1006808    
   5198.958      0.1002110    
   5252.061      9.9352561E-02
   5305.706      9.8211631E-02
   5359.899      9.7587794E-02
   5414.646      9.6609473E-02
   5469.952      9.5241949E-02
   5525.823      9.3769290E-02
   5582.264      9.2143275E-02
   5639.283      9.0379715E-02
   5696.883      8.8495895E-02
   5755.072      8.6492658E-02
   5813.855      8.4433921E-02
   5873.239      8.2409397E-02
   5933.229      8.0390781E-02
   5993.832      7.8075029E-02
   6055.054      7.5770110E-02
   6116.901      7.3534787E-02
   6179.380      7.1249411E-02
   6242.497      6.8918273E-02
   6306.259      6.6579789E-02
   6370.672      6.4242311E-02
   6435.743      6.1891403E-02
   6501.479      5.9570219E-02
   6567.886      5.7253417E-02
   6634.971      5.4943483E-02
   6702.742      5.2679505E-02
   6771.205      5.0425459E-02
   6840.367      4.8201099E-02
   6910.235      4.6019450E-02
   6980.817      4.3856319E-02
   7052.121      4.1740824E-02
   7124.152      3.9661694E-02
   7196.919      3.7605766E-02
   7270.430      3.5610951E-02
   7344.691      3.3643484E-02
   7419.711      3.1708851E-02
   7495.497      2.9832315E-02
   7572.057      2.7980903E-02
   7649.399      2.6173973E-02
   7727.531      2.4413351E-02
   7806.461      2.2677457E-02
   7886.198      2.0997509E-02
   7966.749      1.9353515E-02
   8048.123      1.7735779E-02
   8130.327      1.6186390E-02
   8213.371      1.4664444E-02
   8297.264      1.3184129E-02
   8382.014      1.1765728E-02
   8467.629      1.0381484E-02
   8554.118      9.0592476E-03
   8641.491      7.7980491E-03
   8729.757      6.5855468E-03
   8818.924      5.4624653E-03
   8909.002      4.4095078E-03
   9000.000      3.4350248E-03
