   50.00000      1.1721173E-02
   50.51071      1.1741702E-02
   51.02663      1.1783630E-02
   51.54782      1.1831157E-02
   52.07434      1.1887877E-02
   52.60624      1.1947781E-02
   53.14357      1.2008124E-02
   53.68638      1.2068405E-02
   54.23475      1.2119514E-02
   54.78871      1.2163667E-02
   55.34833      1.2231623E-02
   55.91366      1.2306870E-02
   56.48478      1.2392372E-02
   57.06172      1.2491039E-02
   57.64455      1.2597367E-02
   58.23335      1.2718063E-02
   58.82815      1.2865414E-02
   59.42903      1.3024937E-02
   60.03605      1.3179477E-02
   60.64927      1.3334493E-02
   61.26875      1.3490252E-02
   61.89455      1.3664025E-02
   62.52675      1.3863222E-02
   63.16541      1.4103297E-02
   63.81059      1.4314779E-02
   64.46236      1.4519579E-02
   65.12080      1.4709961E-02
   65.78595      1.4894820E-02
   66.45789      1.5078319E-02
   67.13670      1.5240426E-02
   67.82245      1.5396825E-02
   68.51520      1.5545933E-02
   69.21503      1.5671941E-02
   69.92200      1.5786050E-02
   70.63619      1.5875606E-02
   71.35768      1.5973937E-02
   72.08654      1.6076315E-02
   72.82285      1.6182946E-02
   73.56667      1.6284280E-02
   74.31808      1.6381755E-02
   75.07719      1.6486177E-02
   75.84403      1.6596870E-02
   76.61871      1.6716110E-02
   77.40131      1.6863614E-02
   78.19190      1.7015846E-02
   78.99056      1.7164566E-02
   79.79739      1.7302904E-02
   80.61245      1.7434973E-02
   81.43584      1.7547211E-02
   82.26763      1.7597161E-02
   83.10793      1.7588677E-02
   83.95681      1.7692339E-02
   84.81435      1.7880904E-02
   85.68066      1.8207522E-02
   86.55582      1.8487897E-02
   87.43991      1.8759040E-02
   88.33304      1.9020475E-02
   89.23528      1.9262474E-02
   90.14674      1.9496072E-02
   91.06752      1.9713493E-02
   91.99770      1.9934731E-02
   92.93738      2.0160398E-02
   93.88665      2.0355523E-02
   94.84563      2.0534506E-02
   95.81439      2.0676726E-02
   96.79305      2.0810824E-02
   97.78172      2.0944063E-02
   98.78047      2.1079341E-02
   99.78943      2.1215079E-02
   100.8087      2.1352526E-02
   101.8384      2.1499861E-02
   102.8786      2.1646136E-02
   103.9294      2.1789534E-02
   104.9909      2.1922389E-02
   106.0633      2.2053013E-02
   107.1467      2.2175370E-02
   108.2411      2.2275515E-02
   109.3467      2.2366313E-02
   110.4636      2.2452900E-02
   111.5919      2.2542000E-02
   112.7317      2.2633744E-02
   113.8831      2.2724014E-02
   115.0463      2.2814743E-02
   116.2215      2.2904521E-02
   117.4086      2.2986911E-02
   118.6078      2.3067916E-02
   119.8193      2.3146998E-02
   121.0431      2.3226010E-02
   122.2795      2.3305530E-02
   123.5284      2.3383476E-02
   124.7902      2.3461739E-02
   126.0648      2.3540182E-02
   127.3525      2.3637323E-02
   128.6533      2.3744671E-02
   129.9673      2.3867525E-02
   131.2948      2.3975600E-02
   132.6359      2.4071593E-02
   133.9907      2.4120141E-02
   135.3593      2.4132878E-02
   136.7419      2.4117088E-02
   138.1386      2.4107063E-02
   139.5495      2.4094166E-02
   140.9749      2.4079012E-02
   142.4148      2.4057506E-02
   143.8695      2.4015542E-02
   145.3390      2.3927137E-02
   146.8235      2.3814103E-02
   148.3232      2.3684392E-02
   149.8382      2.3559717E-02
   151.3687      2.3428241E-02
   152.9148      2.3288766E-02
   154.4767      2.3143586E-02
   156.0545      2.2975827E-02
   157.6485      2.2777937E-02
   159.2587      2.2507766E-02
   160.8854      2.2206312E-02
   162.5287      2.1903314E-02
   164.1888      2.1589365E-02
   165.8659      2.1257138E-02
   167.5600      2.0911317E-02
   169.2715      2.0505060E-02
   171.0005      2.0031355E-02
   172.7471      1.9504815E-02
   174.5116      1.8959053E-02
   176.2941      1.8418811E-02
   178.0948      1.7880620E-02
   179.9138      1.7332366E-02
   181.7515      1.6793568E-02
   183.6080      1.6256340E-02
   185.4834      1.5717462E-02
   187.3779      1.5205380E-02
   189.2918      1.4700781E-02
   191.2253      1.4212106E-02
   193.1785      1.3755156E-02
   195.1516      1.3313606E-02
   197.1449      1.2902990E-02
   199.1586      1.2534025E-02
   201.1928      1.2189034E-02
   203.2479      1.1881688E-02
   205.3239      1.1593723E-02
   207.4211      1.1322488E-02
   209.5397      1.1093910E-02
   211.6800      1.0899589E-02
   213.8421      1.0754394E-02
   216.0263      1.0637618E-02
   218.2328      1.0523662E-02
   220.4619      1.0401883E-02
   222.7137      1.0285990E-02
   224.9886      1.0173801E-02
   227.2867      1.0076279E-02
   229.6082      9.9905478E-03
   231.9534      9.9167433E-03
   234.3226      9.8681068E-03
   236.7161      9.8200273E-03
   239.1339      9.7702565E-03
   241.5765      9.7205266E-03
   244.0440      9.6714525E-03
   246.5367      9.6300598E-03
   249.0548      9.6014449E-03
   251.5987      9.5808711E-03
   254.1686      9.5687341E-03
   256.7647      9.5530311E-03
   259.3873      9.5333727E-03
   262.0367      9.5157996E-03
   264.7132      9.4993925E-03
   267.4171      9.4874864E-03
   270.1485      9.4855418E-03
   272.9078      9.4901891E-03
   275.6954      9.5169479E-03
   278.5114      9.5351273E-03
   281.3561      9.5460564E-03
   284.2299      9.5431646E-03
   287.1331      9.5378440E-03
   290.0659      9.5301382E-03
   293.0287      9.5213614E-03
   296.0217      9.5117018E-03
   299.0453      9.5023522E-03
   302.0999      9.4942916E-03
   305.1855      9.4869873E-03
   308.3028      9.4868559E-03
   311.4518      9.4890445E-03
   314.6330      9.4938604E-03
   317.8467      9.4936341E-03
   321.0933      9.4910897E-03
   324.3730      9.4854953E-03
   327.6862      9.4796354E-03
   331.0332      9.4735036E-03
   334.4144      9.4683068E-03
   337.8302      9.4646551E-03
   341.2808      9.4620185E-03
   344.7667      9.4650863E-03
   348.2882      9.4758067E-03
   351.8457      9.4965175E-03
   355.4395      9.5199877E-03
   359.0700      9.5410785E-03
   362.7376      9.5535303E-03
   366.4427      9.5607508E-03
   370.1856      9.5655890E-03
   373.9667      9.5676789E-03
   377.7865      9.5690871E-03
   381.6452      9.5700091E-03
   385.5434      9.5707877E-03
   389.4814      9.5725209E-03
   393.4596      9.5755374E-03
   397.4785      9.5845722E-03
   401.5384      9.5982859E-03
   405.6398      9.6216900E-03
   409.7830      9.6406695E-03
   413.9686      9.6572796E-03
   418.1970      9.6646985E-03
   422.4685      9.6708555E-03
   426.7837      9.6756211E-03
   431.1429      9.6779456E-03
   435.5466      9.6802125E-03
   439.9954      9.6817631E-03
   444.4896      9.6848560E-03
   449.0296      9.6899876E-03
   453.6161      9.6994201E-03
   458.2494      9.7068576E-03
   462.9301      9.7133461E-03
   467.6585      9.7144479E-03
   472.4352      9.7146956E-03
   477.2607      9.7134188E-03
   482.1356      9.7098220E-03
   487.0602      9.7057968E-03
   492.0351      9.7003151E-03
   497.0608      9.6937101E-03
   502.1378      9.6869152E-03
   507.2668      9.6794916E-03
   512.4481      9.6721472E-03
   517.6823      9.6649993E-03
   522.9700      9.6553452E-03
   528.3116      9.6451249E-03
   533.7079      9.6337134E-03
   539.1593      9.6208919E-03
   544.6664      9.6075926E-03
   550.2297      9.5931925E-03
   555.8498      9.5782010E-03
   561.5273      9.5630409E-03
   567.2629      9.5491540E-03
   573.0569      9.5348898E-03
   578.9103      9.5202019E-03
   584.8234      9.5026735E-03
   590.7968      9.4841225E-03
   596.8313      9.4640497E-03
   602.9274      9.4426777E-03
   609.0858      9.4204843E-03
   615.3071      9.3973083E-03
   621.5920      9.3737142E-03
   627.9410      9.3496460E-03
   634.3549      9.3265986E-03
   640.8343      9.3058646E-03
   647.3799      9.2882505E-03
   653.9923      9.2891678E-03
   660.6723      9.2920223E-03
   667.4205      9.2917848E-03
   674.2376      9.2790732E-03
   681.1244      9.2597809E-03
   688.0815      9.2323050E-03
   695.1097      9.1999415E-03
   702.2096      9.1631431E-03
   709.3821      9.1188634E-03
   716.6279      9.0701617E-03
   723.9476      9.0155154E-03
   731.3421      8.9540370E-03
   738.8121      8.8884672E-03
   746.3585      8.8185836E-03
   753.9819      8.7444326E-03
   761.6832      8.6663468E-03
   769.4631      8.5837152E-03
   777.3226      8.4971851E-03
   785.2623      8.4066130E-03
   793.2830      8.3190650E-03
   801.3857      8.2307840E-03
   809.5712      8.1433691E-03
   817.8403      8.0450224E-03
   826.1938      7.9397336E-03
   834.6328      7.8269672E-03
   843.1578      7.7086082E-03
   851.7700      7.5849267E-03
   860.4700      7.4556307E-03
   869.2590      7.3285722E-03
   878.1378      7.2055380E-03
   887.1072      7.0878123E-03
   896.1683      6.9621904E-03
   905.3218      6.8192100E-03
   914.5690      6.6659194E-03
   923.9105      6.5047964E-03
   933.3475      6.3343747E-03
   942.8808      6.1582378E-03
   952.5115      5.9765363E-03
   962.2407      5.7937591E-03
   972.0692      5.6045288E-03
   981.9980      5.4079681E-03
   992.0283      5.2018771E-03
   1002.161      4.9896142E-03
   1012.397      4.7714622E-03
   1022.738      4.5549679E-03
   1033.184      4.3387250E-03
   1043.738      4.1304505E-03
   1054.398      3.9141318E-03
   1065.168      3.6902272E-03
   1076.048      3.4544973E-03
   1087.039      3.2143816E-03
   1098.142      2.9697646E-03
   1109.359      2.7226922E-03
   1120.690      2.4757725E-03
   1132.137      2.2298717E-03
   1143.701      1.9873970E-03
   1155.382      1.7500665E-03
   1167.184      1.5197305E-03
   1179.106      1.2984435E-03
   1191.149      1.0881732E-03
   1203.316      8.9088216E-04
   1215.607      7.0838560E-04
   1228.023      5.4275658E-04
   1240.566      3.9833653E-04
   1253.238      2.7738416E-04
   1266.038      1.8336726E-04
   1278.970      1.1709893E-04
   1292.033      8.0682352E-05
   1305.230      7.5665877E-05
   1318.562      1.0477076E-04
   1332.030      1.7080505E-04
   1345.636      2.7523431E-04
   1359.380      4.2207155E-04
   1373.265      6.1236462E-04
   1387.292      8.4830279E-04
   1401.462      1.1340082E-03
   1415.777      1.4679101E-03
   1430.238      1.8493428E-03
   1444.846      2.2770751E-03
   1459.604      2.7434733E-03
   1474.513      3.2563857E-03
   1489.574      3.8102421E-03
   1504.788      4.4470322E-03
   1520.159      5.1561161E-03
   1535.686      5.9164758E-03
   1551.371      6.7157736E-03
   1567.217      7.5492752E-03
   1583.225      8.3556715E-03
   1599.397      9.1779120E-03
   1615.733      1.0007960E-02
   1632.236      1.0840917E-02
   1648.908      1.1686197E-02
   1665.750      1.2547920E-02
   1682.765      1.3362151E-02
   1699.953      1.4133307E-02
   1717.316      1.4839116E-02
   1734.857      1.5522499E-02
   1752.577      1.6175142E-02
   1770.479      1.6694032E-02
   1788.562      1.7149715E-02
   1806.831      1.7545544E-02
   1825.286      1.7954925E-02
   1843.930      1.8292071E-02
   1862.764      1.8493071E-02
   1881.791      1.8607799E-02
   1901.012      1.8641727E-02
   1920.429      1.8682713E-02
   1940.045      1.8616406E-02
   1959.860      1.8433847E-02
   1979.879      1.8073000E-02
   2000.102      1.7597465E-02
   2020.531      1.7021285E-02
   2041.169      1.6345531E-02
   2062.018      1.5562299E-02
   2083.079      1.4646404E-02
   2104.356      1.3583562E-02
   2125.851      1.2410367E-02
   2147.564      1.0995456E-02
   2169.500      9.3953284E-03
   2191.659      7.6509053E-03
   2214.045      4.6923282E-03
   2236.660      3.0089715E-03
   2259.506      2.6678820E-03
   2282.584      2.5706065E-03
   2305.899      2.5432734E-03
   2329.452      2.6971896E-03
   2353.245      3.1165266E-03
   2377.282      3.8220685E-03
   2401.564      4.3833246E-03
   2426.094      4.8887371E-03
   2450.874      5.2394215E-03
   2475.908      5.5263792E-03
   2501.197      5.7972125E-03
   2526.745      6.0397154E-03
   2552.553      6.2287971E-03
   2578.625      6.3740406E-03
   2604.964      6.3582268E-03
   2631.572      6.3398918E-03
   2658.451      6.3191992E-03
   2685.604      6.0248231E-03
   2713.036      5.7015242E-03
   2740.747      5.3947102E-03
   2768.741      5.5491333E-03
   2797.022      5.8396249E-03
   2825.591      6.1223912E-03
   2854.452      6.2789321E-03
   2883.608      6.3443403E-03
   2913.062      6.3936678E-03
   2942.816      6.4065419E-03
   2972.874      6.3745584E-03
   3003.240      6.2781251E-03
   3033.915      6.1555561E-03
   3064.904      6.0038287E-03
   3096.209      5.7790913E-03
   3127.835      5.5182097E-03
   3159.783      5.2394266E-03
   3192.057      5.0476277E-03
   3224.662      4.9199485E-03
   3257.599      4.8231222E-03
   3290.872      4.6951543E-03
   3324.486      4.5225802E-03
   3358.443      4.3015438E-03
   3392.746      4.0628416E-03
   3427.400      3.8045852E-03
   3462.408      3.6242406E-03
   3497.774      3.4828074E-03
   3533.501      3.3630659E-03
   3569.593      3.2061620E-03
   3606.053      3.0155960E-03
   3642.886      2.8333634E-03
   3680.095      2.6597867E-03
   3717.684      2.4959666E-03
   3755.657      2.3448560E-03
   3794.018      2.2073705E-03
   3832.770      2.0868292E-03
   3871.919      1.9795336E-03
   3911.467      1.8869174E-03
   3951.419      1.8097443E-03
   3991.780      1.7500445E-03
   4032.552      1.7080191E-03
   4073.742      1.6841248E-03
   4115.352      1.6779718E-03
   4157.386      1.6892600E-03
   4199.851      1.7164851E-03
   4242.749      1.7559121E-03
   4286.084      1.7838035E-03
   4329.863      1.8408702E-03
   4374.089      1.9229247E-03
   4418.767      2.0068090E-03
   4463.901      2.1008386E-03
   4509.496      2.2044547E-03
   4555.556      2.3118705E-03
   4602.087      2.4229623E-03
   4649.094      2.5369367E-03
   4696.581      2.6510924E-03
   4744.552      2.7636804E-03
   4793.014      2.8733520E-03
   4841.970      2.9782967E-03
   4891.427      3.0768388E-03
   4941.389      3.1698814E-03
   4991.861      3.2533966E-03
   5042.848      3.3261066E-03
   5094.357      3.3950345E-03
   5146.391      3.4536878E-03
   5198.958      3.5005594E-03
   5252.061      3.5309189E-03
   5305.706      3.5459646E-03
   5359.899      3.5782915E-03
   5414.646      3.5863710E-03
   5469.952      3.5674591E-03
   5525.823      3.5389583E-03
   5582.264      3.4944331E-03
   5639.283      3.4359409E-03
   5696.883      3.3642380E-03
   5755.072      3.2776867E-03
   5813.855      3.1848189E-03
   5873.239      3.0835648E-03
   5933.229      2.9721500E-03
   5993.832      2.8461069E-03
   6055.054      2.7131166E-03
   6116.901      2.5774438E-03
   6179.380      2.4365415E-03
   6242.497      2.2895481E-03
   6306.259      2.1419770E-03
   6370.672      1.9945509E-03
   6435.743      1.8461574E-03
   6501.479      1.7024520E-03
   6567.886      1.5609268E-03
   6634.971      1.4225194E-03
   6702.742      1.2915119E-03
   6771.205      1.1647436E-03
   6840.367      1.0444904E-03
   6910.235      9.3194412E-04
   6980.817      8.2550448E-04
   7052.121      7.2742271E-04
   7124.152      6.3692714E-04
   7196.919      5.5344886E-04
   7270.430      4.7888764E-04
   7344.691      4.1148782E-04
   7419.711      3.5148984E-04
   7495.497      2.9950167E-04
   7572.057      2.5424286E-04
   7649.399      2.1600847E-04
   7727.531      1.8445542E-04
   7806.461      1.5883222E-04
   7886.198      1.3925134E-04
   7966.749      1.2496066E-04
   8048.123      1.1544871E-04
   8130.327      1.1064257E-04
   8213.371      1.0968414E-04
   8297.264      1.1221973E-04
   8382.014      1.1788055E-04
   8467.629      1.2600220E-04
   8554.118      1.3626175E-04
   8641.491      1.4817095E-04
   8729.757      1.6118046E-04
   8818.924      1.7507713E-04
   8909.002      1.8929070E-04
   9000.000      2.0341748E-04
