   50.00000      4.1654080E-02
   50.51071      4.1951172E-02
   51.02663      4.2292304E-02
   51.54782      4.2646885E-02
   52.07434      4.3021698E-02
   52.60624      4.3405700E-02
   53.14357      4.3793738E-02
   53.68638      4.4184998E-02
   54.23475      4.4562820E-02
   54.78871      4.4931047E-02
   55.34833      4.5349829E-02
   55.91366      4.5786303E-02
   56.48478      4.6246417E-02
   57.06172      4.6736095E-02
   57.64455      4.7244839E-02
   58.23335      4.7785934E-02
   58.82815      4.8382621E-02
   59.42903      4.9006984E-02
   60.03605      4.9624182E-02
   60.64927      5.0247006E-02
   61.26875      5.0876025E-02
   61.89455      5.1545318E-02
   62.52675      5.2267659E-02
   63.16541      5.3072073E-02
   63.81059      5.3822014E-02
   64.46236      5.4562796E-02
   65.12080      5.5280697E-02
   65.78595      5.5991895E-02
   66.45789      5.6704894E-02
   67.13670      5.7382237E-02
   67.82245      5.8053937E-02
   68.51520      5.8717024E-02
   69.21503      5.9341110E-02
   69.92200      5.9948478E-02
   70.63619      6.0515601E-02
   71.35768      6.1106291E-02
   72.08654      6.1710671E-02
   72.82285      6.2329307E-02
   73.56667      6.2943444E-02
   74.31808      6.3555740E-02
   75.07719      6.4188935E-02
   75.84403      6.4840645E-02
   76.61871      6.5515757E-02
   77.40131      6.6253737E-02
   78.19190      6.7007370E-02
   78.99056      6.7759618E-02
   79.79739      6.8497829E-02
   80.61245      6.9230206E-02
   81.43584      6.9929115E-02
   82.26763      7.0508242E-02
   83.10793      7.0972912E-02
   83.95681      7.1684733E-02
   84.81435      7.2576605E-02
   85.68066      7.3756993E-02
   86.55582      7.4849315E-02
   87.43991      7.5931124E-02
   88.33304      7.7001460E-02
   89.23528      7.8041688E-02
   90.14674      7.9075024E-02
   91.06752      8.0085643E-02
   91.99770      8.1115291E-02
   92.93738      8.2165919E-02
   93.88665      8.3163992E-02
   94.84563      8.4139347E-02
   95.81439      8.5046828E-02
   96.79305      8.5946552E-02
   97.78172      8.6853966E-02
   98.78047      8.7775320E-02
   99.78943      8.8707060E-02
   100.8087      8.9651786E-02
   101.8384      9.0627879E-02
   102.8786      9.1610238E-02
   103.9294      9.2593871E-02
   104.9909      9.3560293E-02
   106.0633      9.4527237E-02
   107.1467      9.5479578E-02
   108.2411      9.6384056E-02
   109.3467      9.7269371E-02
   110.4636      9.8150380E-02
   111.5919      9.9040791E-02
   112.7317      9.9940449E-02
   113.8831      0.1008411    
   115.0463      0.1017448    
   116.2215      0.1026486    
   117.4086      0.1035385    
   118.6078      0.1044268    
   119.8193      0.1053152    
   121.0431      0.1062066    
   122.2795      0.1071008    
   123.5284      0.1079963    
   124.7902      0.1088947    
   126.0648      0.1097957    
   127.3525      0.1107510    
   128.6533      0.1117287    
   129.9673      0.1127376    
   131.2948      0.1137052    
   132.6359      0.1146371    
   133.9907      0.1154446    
   135.3593      0.1161743    
   136.7419      0.1168388    
   138.1386      0.1175258    
   139.5495      0.1182028    
   140.9749      0.1188722    
   142.4148      0.1195232    
   143.8695      0.1201170    
   145.3390      0.1205904    
   146.8235      0.1210119    
   148.3232      0.1213922    
   149.8382      0.1217910    
   151.3687      0.1221683    
   152.9148      0.1225191    
   154.4767      0.1228517    
   156.0545      0.1231137    
   157.6485      0.1232845    
   159.2587      0.1232787    
   160.8854      0.1231870    
   162.5287      0.1230923    
   164.1888      0.1229639    
   165.8659      0.1227779    
   167.5600      0.1225484    
   169.2715      0.1221373    
   171.0005      0.1215188    
   172.7471      0.1207535    
   174.5116      0.1199083    
   176.2941      0.1190544    
   178.0948      0.1181769    
   179.9138      0.1172321    
   181.7515      0.1162801    
   183.6080      0.1152917    
   185.4834      0.1142516    
   187.3779      0.1132566    
   189.2918      0.1122380    
   191.2253      0.1112251    
   193.1785      0.1102789    
   195.1516      0.1093408    
   197.1449      0.1084750    
   199.1586      0.1077321    
   201.1928      0.1070481    
   203.2479      0.1064872    
   205.3239      0.1059795    
   207.4211      0.1055178    
   209.5397      0.1052267    
   211.6800      0.1050782    
   213.8421      0.1051532    
   216.0263      0.1053547    
   218.2328      0.1055659    
   220.4619      0.1057353    
   222.7137      0.1059312    
   224.9886      0.1061437    
   227.2867      0.1064313    
   229.6082      0.1067818    
   231.9534      0.1071984    
   234.3226      0.1077496    
   236.7161      0.1083078    
   239.1339      0.1088597    
   241.5765      0.1094167    
   244.0440      0.1099826    
   246.5367      0.1105979    
   249.0548      0.1112934    
   251.5987      0.1120432    
   254.1686      0.1128392    
   256.7647      0.1136213    
   259.3873      0.1143866    
   262.0367      0.1151715    
   264.7132      0.1159708    
   267.4171      0.1168050    
   270.1485      0.1177083    
   272.9078      0.1186590    
   275.6954      0.1197420    
   278.5114      0.1207723    
   281.3561      0.1217575    
   284.2299      0.1226625    
   287.1331      0.1235574    
   290.0659      0.1244423    
   293.0287      0.1253257    
   296.0217      0.1262078    
   299.0453      0.1270966    
   302.0999      0.1279983    
   305.1855      0.1289088    
   308.3028      0.1298714    
   311.4518      0.1308462    
   314.6330      0.1318344    
   317.8467      0.1327891    
   321.0933      0.1337297    
   324.3730      0.1346521    
   327.6862      0.1355747    
   331.0332      0.1364962    
   334.4144      0.1374258    
   337.8302      0.1383667    
   341.2808      0.1393143    
   344.7667      0.1403026    
   348.2882      0.1413428    
   351.8457      0.1424514    
   355.4395      0.1435404    
   359.0700      0.1446031    
   362.7376      0.1456033    
   366.4427      0.1465641    
   370.1856      0.1475029    
   373.9667      0.1484198    
   377.7865      0.1493263    
   381.6452      0.1502229    
   385.5434      0.1511150    
   389.4814      0.1520060    
   393.4596      0.1528990    
   397.4785      0.1538282    
   401.5384      0.1547747    
   405.6398      0.1557602    
   409.7830      0.1566973    
   413.9686      0.1576014    
   418.1970      0.1584350    
   422.4685      0.1592484    
   426.7837      0.1600406    
   431.1429      0.1608084    
   435.5466      0.1615628    
   439.9954      0.1623015    
   444.4896      0.1630405    
   449.0296      0.1637779    
   453.6161      0.1645263    
   458.2494      0.1652434    
   462.9301      0.1659363    
   467.6585      0.1665852    
   472.4352      0.1672145    
   477.2607      0.1678213    
   482.1356      0.1684035    
   487.0602      0.1689692    
   492.0351      0.1695147    
   497.0608      0.1700422    
   502.1378      0.1705553    
   507.2668      0.1710551    
   512.4481      0.1715423    
   517.6823      0.1720175    
   522.9700      0.1724685    
   528.3116      0.1729041    
   533.7079      0.1733222    
   539.1593      0.1737228    
   544.6664      0.1741099    
   550.2297      0.1744817    
   555.8498      0.1748409    
   561.5273      0.1751895    
   567.2629      0.1755371    
   573.0569      0.1758734    
   578.9103      0.1761990    
   584.8234      0.1765018    
   590.7968      0.1767920    
   596.8313      0.1770675    
   602.9274      0.1773296    
   609.0858      0.1775822    
   615.3071      0.1778236    
   621.5920      0.1780577    
   627.9410      0.1782857    
   634.3549      0.1785121    
   640.8343      0.1787466    
   647.3799      0.1789926    
   653.9923      0.1793390    
   660.6723      0.1797022    
   667.4205      0.1800644    
   674.2376      0.1803698    
   681.1244      0.1806532    
   688.0815      0.1809009    
   695.1097      0.1811349    
   702.2096      0.1813612    
   709.3821      0.1815550    
   716.6279      0.1817441    
   723.9476      0.1819184    
   731.3421      0.1820634    
   738.8121      0.1822064    
   746.3585      0.1823377    
   753.9819      0.1824612    
   761.6832      0.1825869    
   769.4631      0.1826952    
   777.3226      0.1828037    
   785.2623      0.1829128    
   793.2830      0.1830346    
   801.3857      0.1831941    
   809.5712      0.1834108    
   817.8403      0.1835925    
   826.1938      0.1837725    
   834.6328      0.1839281    
   843.1578      0.1840773    
   851.7700      0.1842313    
   860.4700      0.1843573    
   869.2590      0.1845205    
   878.1378      0.1847246    
   887.1072      0.1850816    
   896.1683      0.1854615    
   905.3218      0.1857776    
   914.5690      0.1860576    
   923.9105      0.1863333    
   933.3475      0.1865583    
   942.8808      0.1867721    
   952.5115      0.1869817    
   962.2407      0.1872144    
   972.0692      0.1874482    
   981.9980      0.1876622    
   992.0283      0.1877999    
   1002.161      0.1879104    
   1012.397      0.1879573    
   1022.738      0.1879938    
   1033.184      0.1880420    
   1043.738      0.1882366    
   1054.398      0.1883927    
   1065.168      0.1884999    
   1076.048      0.1884142    
   1087.039      0.1882336    
   1098.142      0.1879113    
   1109.359      0.1874350    
   1120.690      0.1868436    
   1132.137      0.1860866    
   1143.701      0.1851883    
   1155.382      0.1841601    
   1167.184      0.1829567    
   1179.106      0.1816212    
   1191.149      0.1801448    
   1203.316      0.1785070    
   1215.607      0.1767263    
   1228.023      0.1747759    
   1240.566      0.1726961    
   1253.238      0.1705297    
   1266.038      0.1683405    
   1278.970      0.1661149    
   1292.033      0.1638607    
   1305.230      0.1616260    
   1318.562      0.1594005    
   1332.030      0.1572099    
   1345.636      0.1550265    
   1359.380      0.1528743    
   1373.265      0.1507721    
   1387.292      0.1487505    
   1401.462      0.1468370    
   1415.777      0.1450409    
   1430.238      0.1433842    
   1444.846      0.1418839    
   1459.604      0.1405341    
   1474.513      0.1393677    
   1489.574      0.1383574    
   1504.788      0.1377102    
   1520.159      0.1374091    
   1535.686      0.1374355    
   1551.371      0.1377981    
   1567.217      0.1385387    
   1583.225      0.1393087    
   1599.397      0.1403317    
   1615.733      0.1415541    
   1632.236      0.1428949    
   1648.908      0.1445526    
   1665.750      0.1465810    
   1682.765      0.1486589    
   1699.953      0.1507978    
   1717.316      0.1525934    
   1734.857      0.1544788    
   1752.577      0.1564147    
   1770.479      0.1575996    
   1788.562      0.1583780    
   1806.831      0.1586085    
   1825.286      0.1589822    
   1843.930      0.1589689    
   1862.764      0.1580622    
   1881.791      0.1563345    
   1901.012      0.1539469    
   1920.429      0.1514701    
   1940.045      0.1483278    
   1959.860      0.1444365    
   1979.879      0.1392876    
   2000.102      0.1333359    
   2020.531      0.1266662    
   2041.169      0.1193600    
   2062.018      0.1113962    
   2083.079      0.1026734    
   2104.356      9.3177505E-02
   2125.851      8.3206221E-02
   2147.564      7.2311588E-02
   2169.500      6.1185282E-02
   2191.659      5.0801858E-02
   2214.045      4.2079095E-02
   2236.660      3.8921271E-02
   2259.506      3.5097856E-02
   2282.584      3.3122256E-02
   2305.899      3.1932957E-02
   2329.452      3.0207455E-02
   2353.245      3.0617444E-02
   2377.282      3.2608189E-02
   2401.564      3.4052823E-02
   2426.094      3.5212092E-02
   2450.874      3.5878349E-02
   2475.908      3.6300153E-02
   2501.197      3.6669888E-02
   2526.745      3.6978990E-02
   2552.553      3.7177406E-02
   2578.625      3.7291348E-02
   2604.964      3.7021741E-02
   2631.572      3.6757503E-02
   2658.451      3.6504105E-02
   2685.604      3.5731893E-02
   2713.036      3.4854457E-02
   2740.747      3.3830266E-02
   2768.741      3.4065131E-02
   2797.022      3.4725737E-02
   2825.591      3.5522379E-02
   2854.452      3.6048464E-02
   2883.608      3.6407564E-02
   2913.062      3.6772210E-02
   2942.816      3.7105985E-02
   2972.874      3.7396941E-02
   3003.240      3.7604123E-02
   3033.915      3.7811499E-02
   3064.904      3.8016908E-02
   3096.209      3.8156662E-02
   3127.835      3.8296271E-02
   3159.783      3.8410686E-02
   3192.057      3.8717803E-02
   3224.662      3.9179303E-02
   3257.599      3.9813399E-02
   3290.872      4.0453833E-02
   3324.486      4.1084729E-02
   3358.443      4.1712549E-02
   3392.746      4.2375430E-02
   3427.400      4.3018702E-02
   3462.408      4.3809388E-02
   3497.774      4.4711716E-02
   3533.501      4.5845728E-02
   3569.593      4.7000237E-02
   3606.053      4.8185796E-02
   3642.886      4.9436547E-02
   3680.095      5.0780822E-02
   3717.684      5.2207511E-02
   3755.657      5.3706203E-02
   3794.018      5.5304028E-02
   3832.770      5.7003923E-02
   3871.919      5.8786519E-02
   3911.467      6.0663428E-02
   3951.419      6.2579289E-02
   3991.780      6.4575203E-02
   4032.552      6.6638298E-02
   4073.742      6.8764143E-02
   4115.352      7.0953496E-02
   4157.386      7.3145688E-02
   4199.851      7.5533763E-02
   4242.749      7.7967644E-02
   4286.084      7.9802319E-02
   4329.863      8.1833057E-02
   4374.089      8.4058650E-02
   4418.767      8.6080059E-02
   4463.901      8.8090040E-02
   4509.496      9.0078309E-02
   4555.556      9.1922782E-02
   4602.087      9.3675546E-02
   4649.094      9.5302768E-02
   4696.581      9.6773006E-02
   4744.552      9.8093040E-02
   4793.014      9.9200211E-02
   4841.970      0.1001078    
   4891.427      0.1008014    
   4941.389      0.1012851    
   4991.861      0.1015332    
   5042.848      0.1015046    
   5094.357      0.1013625    
   5146.391      0.1010506    
   5198.958      0.1005624    
   5252.061      9.9685028E-02
   5305.706      9.8524824E-02
   5359.899      9.7883530E-02
   5414.646      9.6886434E-02
   5469.952      9.5499091E-02
   5525.823      9.4007343E-02
   5582.264      9.2362411E-02
   5639.283      9.0580493E-02
   5696.883      8.8679031E-02
   5755.072      8.6658746E-02
   5813.855      8.4584288E-02
   5873.239      8.2544737E-02
   5933.229      8.0511756E-02
   5993.832      7.8182943E-02
   6055.054      7.5865820E-02
   6116.901      7.3619239E-02
   6179.380      7.1323633E-02
   6242.497      6.8983160E-02
   6306.259      6.6636369E-02
   6370.672      6.4291529E-02
   6435.743      6.1934099E-02
   6501.479      5.9607290E-02
   6567.886      5.7285618E-02
   6634.971      5.4971516E-02
   6702.742      5.2704062E-02
   6771.205      5.0447114E-02
   6840.367      4.8220377E-02
   6910.235      4.6036821E-02
   6980.817      4.3872181E-02
   7052.121      4.1755516E-02
   7124.152      3.9675500E-02
   7196.919      3.7618935E-02
   7270.430      3.5623651E-02
   7344.691      3.3655867E-02
   7419.711      3.1721033E-02
   7495.497      2.9844351E-02
   7572.057      2.7992854E-02
   7649.399      2.6185859E-02
   7727.531      2.4425168E-02
   7806.461      2.2689207E-02
   7886.198      2.1009153E-02
   7966.749      1.9365028E-02
   8048.123      1.7747132E-02
   8130.327      1.6197527E-02
   8213.371      1.4675331E-02
   8297.264      1.3194728E-02
   8382.014      1.1775995E-02
   8467.629      1.0391387E-02
   8554.118      9.0687498E-03
   8641.491      7.8071207E-03
   8729.757      6.5941536E-03
   8818.924      5.4705888E-03
   8909.002      4.4171177E-03
   9000.000      3.4420846E-03
