   50.00000      5.1672738E-03
   50.51071      5.1905303E-03
   51.02663      5.2286042E-03
   51.54782      5.2703032E-03
   52.07434      5.3174775E-03
   52.60624      5.3668758E-03
   53.14357      5.4168734E-03
   53.68638      5.4673376E-03
   54.23475      5.5141305E-03
   54.78871      5.5581466E-03
   55.34833      5.6186691E-03
   55.91366      5.6839627E-03
   56.48478      5.7558580E-03
   57.06172      5.8362321E-03
   57.64455      5.9219552E-03
   58.23335      6.0171830E-03
   58.82815      6.1281165E-03
   59.42903      6.2466990E-03
   60.03605      6.3606557E-03
   60.64927      6.4762388E-03
   61.26875      6.5936083E-03
   61.89455      6.7239148E-03
   62.52675      6.8696621E-03
   63.16541      7.0397384E-03
   63.81059      7.1885264E-03
   64.46236      7.3330477E-03
   65.12080      7.4697593E-03
   65.78595      7.6024439E-03
   66.45789      7.7341488E-03
   67.13670      7.8534167E-03
   67.82245      7.9697780E-03
   68.51520      8.0821207E-03
   69.21503      8.1801498E-03
   69.92200      8.2724066E-03
   70.63619      8.3527686E-03
   71.35768      8.4419167E-03
   72.08654      8.5352072E-03
   72.82285      8.6329086E-03
   73.56667      8.7284707E-03
   74.31808      8.8225547E-03
   75.07719      8.9253504E-03
   75.84403      9.0338364E-03
   76.61871      9.1499947E-03
   77.40131      9.2868982E-03
   78.19190      9.4273416E-03
   78.99056      9.5638372E-03
   79.79739      9.6942401E-03
   80.61245      9.8210983E-03
   81.43584      9.9344794E-03
   82.26763      1.0006623E-02
   83.10793      1.0039191E-02
   83.95681      1.0186962E-02
   84.81435      1.0388250E-02
   85.68066      1.0675614E-02
   86.55582      1.0929969E-02
   87.43991      1.1178961E-02
   88.33304      1.1419126E-02
   89.23528      1.1647085E-02
   90.14674      1.1871128E-02
   91.06752      1.2086470E-02
   91.99770      1.2306169E-02
   92.93738      1.2530630E-02
   93.88665      1.2732353E-02
   94.84563      1.2923034E-02
   95.81439      1.3085647E-02
   96.79305      1.3246986E-02
   97.78172      1.3410275E-02
   98.78047      1.3578968E-02
   99.78943      1.3750372E-02
   100.8087      1.3924837E-02
   101.8384      1.4109913E-02
   102.8786      1.4294116E-02
   103.9294      1.4475312E-02
   104.9909      1.4647217E-02
   106.0633      1.4815502E-02
   107.1467      1.4974494E-02
   108.2411      1.5112688E-02
   109.3467      1.5240164E-02
   110.4636      1.5367172E-02
   111.5919      1.5495463E-02
   112.7317      1.5624462E-02
   113.8831      1.5752744E-02
   115.0463      1.5878173E-02
   116.2215      1.6000316E-02
   117.4086      1.6115034E-02
   118.6078      1.6225167E-02
   119.8193      1.6333675E-02
   121.0431      1.6440356E-02
   122.2795      1.6543642E-02
   123.5284      1.6645756E-02
   124.7902      1.6744748E-02
   126.0648      1.6840477E-02
   127.3525      1.6957814E-02
   128.6533      1.7075352E-02
   129.9673      1.7193278E-02
   131.2948      1.7284695E-02
   132.6359      1.7350703E-02
   133.9907      1.7355928E-02
   135.3593      1.7333485E-02
   136.7419      1.7285656E-02
   138.1386      1.7248608E-02
   139.5495      1.7201459E-02
   140.9749      1.7146349E-02
   142.4148      1.7079217E-02
   143.8695      1.6983561E-02
   145.3390      1.6840728E-02
   146.8235      1.6688090E-02
   148.3232      1.6523499E-02
   149.8382      1.6371954E-02
   151.3687      1.6212879E-02
   152.9148      1.6044626E-02
   154.4767      1.5873136E-02
   156.0545      1.5677499E-02
   157.6485      1.5453842E-02
   159.2587      1.5200528E-02
   160.8854      1.4934195E-02
   162.5287      1.4681338E-02
   164.1888      1.4429322E-02
   165.8659      1.4169514E-02
   167.5600      1.3907380E-02
   169.2715      1.3603872E-02
   171.0005      1.3254242E-02
   172.7471      1.2894569E-02
   174.5116      1.2526897E-02
   176.2941      1.2170684E-02
   178.0948      1.1820803E-02
   179.9138      1.1464996E-02
   181.7515      1.1120665E-02
   183.6080      1.0780305E-02
   185.4834      1.0440399E-02
   187.3779      1.0125874E-02
   189.2918      9.8184971E-03
   191.2253      9.5252367E-03
   193.1785      9.2592314E-03
   195.1516      9.0058036E-03
   197.1449      8.7780021E-03
   199.1586      8.5837403E-03
   201.1928      8.4076328E-03
   203.2479      8.2588093E-03
   205.3239      8.1251469E-03
   207.4211      8.0043692E-03
   209.5397      7.9190619E-03
   211.6800      7.8619327E-03
   213.8421      7.8464095E-03
   216.0263      7.8417137E-03
   218.2328      7.8362543E-03
   220.4619      7.8236712E-03
   222.7137      7.8162225E-03
   224.9886      7.8120469E-03
   227.2867      7.8213029E-03
   229.6082      7.8416606E-03
   231.9534      7.8735417E-03
   234.3226      7.9239598E-03
   236.7161      7.9742521E-03
   239.1339      8.0217496E-03
   241.5765      8.0700554E-03
   244.0440      8.1198039E-03
   246.5367      8.1780450E-03
   249.0548      8.2501546E-03
   251.5987      8.3315540E-03
   254.1686      8.4157148E-03
   256.7647      8.4972205E-03
   259.3873      8.5754627E-03
   262.0367      8.6572347E-03
   264.7132      8.7415567E-03
   267.4171      8.8321585E-03
   270.1485      8.9352084E-03
   272.9078      9.0462854E-03
   275.6954      9.1771604E-03
   278.5114      9.2965830E-03
   281.3561      9.4061028E-03
   284.2299      9.5013967E-03
   287.1331      9.5949480E-03
   290.0659      9.6868584E-03
   293.0287      9.7787809E-03
   296.0217      9.8705925E-03
   299.0453      9.9639548E-03
   302.0999      1.0059999E-02
   305.1855      1.0157905E-02
   308.3028      1.0266082E-02
   311.4518      1.0375370E-02
   314.6330      1.0485933E-02
   317.8467      1.0589882E-02
   321.0933      1.0691365E-02
   324.3730      1.0789759E-02
   327.6862      1.0888723E-02
   331.0332      1.0987776E-02
   334.4144      1.1089006E-02
   337.8302      1.1192929E-02
   341.2808      1.1298596E-02
   344.7667      1.1413119E-02
   348.2882      1.1538453E-02
   351.8457      1.1678130E-02
   355.4395      1.1808393E-02
   359.0700      1.1932955E-02
   362.7376      1.2045820E-02
   366.4427      1.2151546E-02
   370.1856      1.2253319E-02
   373.9667      1.2351630E-02
   377.7865      1.2448542E-02
   381.6452      1.2544001E-02
   385.5434      1.2639770E-02
   389.4814      1.2735966E-02
   393.4596      1.2833494E-02
   397.4785      1.2939795E-02
   401.5384      1.3049602E-02
   405.6398      1.3165808E-02
   409.7830      1.3271659E-02
   413.9686      1.3370634E-02
   418.1970      1.3456180E-02
   422.4685      1.3538381E-02
   426.7837      1.3617032E-02
   431.1429      1.3692117E-02
   435.5466      1.3765253E-02
   439.9954      1.3836351E-02
   444.4896      1.3909092E-02
   449.0296      1.3982270E-02
   453.6161      1.4058358E-02
   458.2494      1.4128276E-02
   462.9301      1.4193495E-02
   467.6585      1.4251309E-02
   472.4352      1.4306173E-02
   477.2607      1.4357636E-02
   482.1356      1.4405858E-02
   487.0602      1.4451863E-02
   492.0351      1.4495410E-02
   497.0608      1.4537008E-02
   502.1378      1.4576991E-02
   507.2668      1.4616417E-02
   512.4481      1.4654736E-02
   517.6823      1.4691960E-02
   522.9700      1.4726419E-02
   528.3116      1.4759282E-02
   533.7079      1.4790451E-02
   539.1593      1.4820365E-02
   544.6664      1.4849222E-02
   550.2297      1.4877276E-02
   555.8498      1.4904981E-02
   561.5273      1.4932421E-02
   567.2629      1.4962443E-02
   573.0569      1.4991910E-02
   578.9103      1.5021016E-02
   584.8234      1.5048136E-02
   590.7968      1.5074771E-02
   596.8313      1.5100856E-02
   602.9274      1.5126886E-02
   609.0858      1.5153188E-02
   615.3071      1.5180057E-02
   621.5920      1.5208052E-02
   627.9410      1.5237189E-02
   634.3549      1.5269364E-02
   640.8343      1.5305984E-02
   647.3799      1.5348014E-02
   653.9923      1.5413552E-02
   660.6723      1.5484611E-02
   667.4205      1.5556912E-02
   674.2376      1.5619643E-02
   681.1244      1.5680159E-02
   688.0815      1.5736071E-02
   695.1097      1.5791846E-02
   702.2096      1.5848637E-02
   709.3821      1.5901601E-02
   716.6279      1.5956117E-02
   723.9476      1.6010137E-02
   731.3421      1.6060902E-02
   738.8121      1.6113808E-02
   746.3585      1.6167108E-02
   753.9819      1.6221445E-02
   761.6832      1.6278740E-02
   769.4631      1.6335173E-02
   777.3226      1.6394176E-02
   785.2623      1.6455777E-02
   793.2830      1.6523814E-02
   801.3857      1.6602518E-02
   809.5712      1.6696407E-02
   817.8403      1.6784672E-02
   826.1938      1.6874848E-02
   834.6328      1.6962040E-02
   843.1578      1.7050304E-02
   851.7700      1.7142072E-02
   860.4700      1.7230216E-02
   869.2590      1.7329998E-02
   878.1378      1.7442551E-02
   887.1072      1.7593572E-02
   896.1683      1.7752979E-02
   905.3218      1.7900271E-02
   914.5690      1.8042525E-02
   923.9105      1.8187666E-02
   933.3475      1.8324712E-02
   942.8808      1.8463554E-02
   952.5115      1.8606368E-02
   962.2407      1.8760422E-02
   972.0692      1.8921327E-02
   981.9980      1.9084742E-02
   992.0283      1.9236667E-02
   1002.161      1.9390961E-02
   1012.397      1.9538250E-02
   1022.738      1.9691663E-02
   1033.184      1.9859467E-02
   1043.738      2.0081038E-02
   1054.398      2.0313101E-02
   1065.168      2.0557208E-02
   1076.048      2.0772889E-02
   1087.039      2.0990964E-02
   1098.142      2.1199267E-02
   1109.359      2.1394378E-02
   1120.690      2.1593638E-02
   1132.137      2.1778772E-02
   1143.701      2.1961061E-02
   1155.382      2.2149637E-02
   1167.184      2.2319512E-02
   1179.106      2.2495799E-02
   1191.149      2.2674093E-02
   1203.316      2.2837568E-02
   1215.607      2.3002909E-02
   1228.023      2.3145931E-02
   1240.566      2.3252606E-02
   1253.238      2.3352319E-02
   1266.038      2.3450783E-02
   1278.970      2.3553150E-02
   1292.033      2.3661451E-02
   1305.230      2.3764947E-02
   1318.562      2.3894873E-02
   1332.030      2.4058538E-02
   1345.636      2.4207113E-02
   1359.380      2.4350416E-02
   1373.265      2.4465514E-02
   1387.292      2.4557784E-02
   1401.462      2.4631590E-02
   1415.777      2.4651930E-02
   1430.238      2.4614556E-02
   1444.846      2.4514092E-02
   1459.604      2.4395209E-02
   1474.513      2.4269130E-02
   1489.574      2.4150630E-02
   1504.788      2.4164962E-02
   1520.159      2.4187971E-02
   1535.686      2.4098385E-02
   1551.371      2.3888046E-02
   1567.217      2.3577062E-02
   1583.225      2.3103734E-02
   1599.397      2.2605570E-02
   1615.733      2.2089701E-02
   1632.236      2.1574728E-02
   1648.908      2.1047156E-02
   1665.750      2.0523734E-02
   1682.765      1.9916670E-02
   1699.953      1.9259168E-02
   1717.316      1.8569918E-02
   1734.857      1.7888442E-02
   1752.577      1.7208651E-02
   1770.479      1.6438724E-02
   1788.562      1.5670976E-02
   1806.831      1.4919061E-02
   1825.286      1.4234541E-02
   1843.930      1.3539171E-02
   1862.764      1.2793975E-02
   1881.791      1.2055960E-02
   1901.012      1.1327879E-02
   1920.429      1.0666177E-02
   1940.045      9.9937636E-03
   1959.860      9.3144933E-03
   1979.879      8.6114556E-03
   2000.102      7.9266243E-03
   2020.531      7.2737094E-03
   2041.169      6.6569564E-03
   2062.018      6.0792430E-03
   2083.079      5.5387109E-03
   2104.356      5.0379606E-03
   2125.851      4.5896615E-03
   2147.564      4.1582761E-03
   2169.500      3.7480823E-03
   2191.659      3.3374440E-03
   2214.045      2.3459648E-03
   2236.660      1.4377421E-03
   2259.506      9.1615942E-04
   2282.584      7.7690149E-04
   2305.899      7.0789305E-04
   2329.452      5.9171667E-04
   2353.245      5.8803527E-04
   2377.282      6.6048768E-04
   2401.564      7.1803248E-04
   2426.094      7.6475210E-04
   2450.874      7.9255452E-04
   2475.908      8.0696511E-04
   2501.197      8.1790722E-04
   2526.745      8.2617742E-04
   2552.553      8.3046645E-04
   2578.625      8.3150703E-04
   2604.964      8.1463781E-04
   2631.572      7.9388375E-04
   2658.451      7.6922291E-04
   2685.604      7.3150016E-04
   2713.036      6.7749101E-04
   2740.747      5.9781485E-04
   2768.741      5.7637651E-04
   2797.022      5.7367462E-04
   2825.591      5.8697123E-04
   2854.452      5.9005653E-04
   2883.608      5.8695790E-04
   2913.062      5.8399967E-04
   2942.816      5.8081240E-04
   2972.874      5.7745841E-04
   3003.240      5.7045760E-04
   3033.915      5.6307524E-04
   3064.904      5.5478344E-04
   3096.209      5.4509816E-04
   3127.835      5.3408154E-04
   3159.783      5.1312108E-04
   3192.057      4.9763999E-04
   3224.662      4.8621636E-04
   3257.599      4.8600050E-04
   3290.872      4.8555483E-04
   3324.486      4.8427086E-04
   3358.443      4.8254986E-04
   3392.746      4.8051894E-04
   3427.400      4.7536686E-04
   3462.408      4.7249772E-04
   3497.774      4.7181812E-04
   3533.501      4.7868775E-04
   3569.593      4.8511394E-04
   3606.053      4.9146457E-04
   3642.886      4.9803831E-04
   3680.095      5.0586188E-04
   3717.684      5.1464501E-04
   3755.657      5.2417966E-04
   3794.018      5.3519307E-04
   3832.770      5.4768543E-04
   3871.919      5.6139420E-04
   3911.467      5.7661842E-04
   3951.419      5.9237093E-04
   3991.780      6.0950086E-04
   4032.552      6.2783947E-04
   4073.742      6.4736168E-04
   4115.352      6.6816877E-04
   4157.386      6.8924337E-04
   4199.851      7.1423763E-04
   4242.749      7.4086332E-04
   4286.084      7.5979379E-04
   4329.863      7.8179035E-04
   4374.089      8.0692634E-04
   4418.767      8.3040248E-04
   4463.901      8.5486885E-04
   4509.496      8.8016794E-04
   4555.556      9.0474857E-04
   4602.087      9.2965917E-04
   4649.094      9.5430296E-04
   4696.581      9.7846577E-04
   4744.552      1.0025970E-03
   4793.014      1.0254879E-03
   4841.970      1.0477058E-03
   4891.427      1.0691640E-03
   4941.389      1.0894588E-03
   4991.861      1.1087768E-03
   5042.848      1.1260237E-03
   5094.357      1.1430228E-03
   5146.391      1.1599493E-03
   5198.958      1.1767393E-03
   5252.061      1.1878343E-03
   5305.706      1.1952183E-03
   5359.899      1.2130731E-03
   5414.646      1.2275937E-03
   5469.952      1.2374785E-03
   5525.823      1.2454411E-03
   5582.264      1.2515241E-03
   5639.283      1.2549218E-03
   5696.883      1.2554395E-03
   5755.072      1.2531121E-03
   5813.855      1.2471959E-03
   5873.239      1.2415805E-03
   5933.229      1.2354361E-03
   5993.832      1.2180487E-03
   6055.054      1.1987896E-03
   6116.901      1.1787309E-03
   6179.380      1.1539451E-03
   6242.497      1.1246270E-03
   6306.259      1.0913060E-03
   6370.672      1.0543917E-03
   6435.743      1.0136815E-03
   6501.479      9.7059022E-04
   6567.886      9.2481967E-04
   6634.971      8.7681937E-04
   6702.742      8.2839921E-04
   6771.205      7.7881722E-04
   6840.367      7.2924647E-04
   6910.235      6.8059959E-04
   6980.817      6.3241058E-04
   7052.121      5.8606057E-04
   7124.152      5.4141675E-04
   7196.919      4.9830962E-04
   7270.430      4.5809202E-04
   7344.691      4.1984449E-04
   7419.711      3.8385292E-04
   7495.497      3.5076067E-04
   7572.057      3.1978064E-04
   7649.399      2.9133706E-04
   7727.531      2.6538593E-04
   7806.461      2.4149135E-04
   7886.198      2.2006636E-04
   7966.749      2.0068877E-04
   8048.123      1.8315755E-04
   8130.327      1.6781887E-04
   8213.371      1.5409234E-04
   8297.264      1.4200431E-04
   8382.014      1.3157107E-04
   8467.629      1.2243606E-04
   8554.118      1.1465636E-04
   8641.491      1.0806994E-04
   8729.757      1.0246327E-04
   8818.924      9.7913449E-05
   8909.002      9.4166047E-05
   9000.000      9.1117297E-05
