   2.53386535808e+06    2.53386535808e+08    5.06773071616e+04    6.20500000000e+00 
4951 
1.658318e+00 
1.087337e+00 
8.515446e-01 
8.275100e-01 
8.052988e-01 
7.477415e-01 
6.920969e-01 
6.487650e-01 
6.370147e-01 
6.154359e-01 
5.947296e-01 
5.723505e-01 
5.510942e-01 
5.308883e-01 
5.116663e-01 
4.933668e-01 
4.758179e-01 
4.583873e-01 
4.417686e-01 
4.259138e-01 
4.107782e-01 
3.960635e-01 
3.818354e-01 
3.682331e-01 
3.552215e-01 
3.427033e-01 
3.306121e-01 
3.190294e-01 
3.079282e-01 
2.972625e-01 
2.869475e-01 
2.770481e-01 
2.675433e-01 
2.582741e-01 
2.488096e-01 
2.405166e-01 
2.341978e-01 
2.276427e-01 
2.213233e-01 
2.150519e-01 
2.087504e-01 
2.027199e-01 
1.970368e-01 
1.915500e-01 
1.862508e-01 
1.811311e-01 
1.761834e-01 
1.714031e-01 
1.667802e-01 
1.623083e-01 
1.579809e-01 
1.537923e-01 
1.499089e-01 
1.462006e-01 
1.426065e-01 
1.391222e-01 
1.357433e-01 
1.324659e-01 
1.292860e-01 
1.263476e-01 
1.234943e-01 
1.207228e-01 
1.180302e-01 
1.154135e-01 
1.128701e-01 
1.103973e-01 
1.079926e-01 
1.056537e-01 
1.034657e-01 
1.014185e-01 
9.942496e-02 
9.748318e-02 
9.559144e-02 
9.374809e-02 
9.195152e-02 
9.020022e-02 
8.849270e-02 
8.682757e-02 
8.520347e-02 
8.361910e-02 
8.207321e-02 
8.056460e-02 
7.909211e-02 
7.765463e-02 
7.625108e-02 
7.488045e-02 
7.354174e-02 
7.228764e-02 
7.110671e-02 
6.995216e-02 
6.882322e-02 
6.771916e-02 
6.663926e-02 
6.558285e-02 
6.454924e-02 
6.353782e-02 
6.254795e-02 
6.157904e-02 
6.063053e-02 
5.970184e-02 
5.879245e-02 
5.790183e-02 
5.702948e-02 
5.617491e-02 
5.533766e-02 
5.451727e-02 
5.371330e-02 
5.292533e-02 
5.215294e-02 
5.139573e-02 
5.065332e-02 
4.992533e-02 
4.921140e-02 
4.851117e-02 
4.782432e-02 
4.715050e-02 
4.649010e-02 
4.585826e-02 
4.523813e-02 
4.462942e-02 
4.403186e-02 
4.344518e-02 
4.286913e-02 
4.230346e-02 
4.174793e-02 
4.120229e-02 
4.066632e-02 
4.013980e-02 
3.962251e-02 
3.911425e-02 
3.861480e-02 
3.812397e-02 
3.764157e-02 
3.716740e-02 
3.670129e-02 
3.624306e-02 
3.579254e-02 
3.534956e-02 
3.491395e-02 
3.448555e-02 
3.406422e-02 
3.364980e-02 
3.324214e-02 
3.284110e-02 
3.244654e-02 
3.205832e-02 
3.167632e-02 
3.130041e-02 
3.091643e-02 
3.053414e-02 
3.015793e-02 
2.978768e-02 
2.942326e-02 
2.906456e-02 
2.871146e-02 
2.836385e-02 
2.802162e-02 
2.768467e-02 
2.735288e-02 
2.702616e-02 
2.670441e-02 
2.638753e-02 
2.607542e-02 
2.576800e-02 
2.546518e-02 
2.516686e-02 
2.487296e-02 
2.458339e-02 
2.429809e-02 
2.401695e-02 
2.373991e-02 
2.346689e-02 
2.319781e-02 
2.293261e-02 
2.267121e-02 
2.241354e-02 
2.215953e-02 
2.190911e-02 
2.166223e-02 
2.141882e-02 
2.117881e-02 
2.094214e-02 
2.070876e-02 
2.047861e-02 
2.025162e-02 
2.002775e-02 
1.980694e-02 
1.958913e-02 
1.937428e-02 
1.916233e-02 
1.895323e-02 
1.870971e-02 
1.846956e-02 
1.823272e-02 
1.799913e-02 
1.776874e-02 
1.754150e-02 
1.731734e-02 
1.709622e-02 
1.687809e-02 
1.666290e-02 
1.645059e-02 
1.624112e-02 
1.603444e-02 
1.583051e-02 
1.562927e-02 
1.543070e-02 
1.523473e-02 
1.504133e-02 
1.485046e-02 
1.466207e-02 
1.447613e-02 
1.429260e-02 
1.411143e-02 
1.393259e-02 
1.375605e-02 
1.355598e-02 
1.335851e-02 
1.316361e-02 
1.297123e-02 
1.278134e-02 
1.259389e-02 
1.240884e-02 
1.222617e-02 
1.204582e-02 
1.186778e-02 
1.169199e-02 
1.151842e-02 
1.134705e-02 
1.117783e-02 
1.101073e-02 
1.084573e-02 
1.065079e-02 
1.045693e-02 
1.026554e-02 
1.007657e-02 
9.889989e-03 
9.705759e-03 
9.523844e-03 
9.344210e-03 
9.166823e-03 
8.991650e-03 
8.818657e-03 
8.647812e-03 
8.479084e-03 
8.312441e-03 
8.105793e-03 
7.899583e-03 
7.695954e-03 
7.494867e-03 
7.296286e-03 
7.100175e-03 
6.906496e-03 
6.715215e-03 
6.526298e-03 
6.339710e-03 
6.155417e-03 
5.926281e-03 
5.678762e-03 
5.434317e-03 
5.192904e-03 
4.954478e-03 
4.711428e-03 
4.468155e-03 
4.227880e-03 
3.990562e-03 
3.775383e-03 
3.594270e-03 
3.415357e-03 
3.238613e-03 
3.052685e-03 
2.843123e-03 
2.636100e-03 
2.412017e-03 
2.154531e-03 
1.900164e-03 
1.612399e-03 
1.309605e-03 
1.000181e-03 
6.706316e-04 
3.450525e-04 
8.636852e-06 
-3.420681e-04 
-7.068162e-04 
-1.067978e-03 
-1.429558e-03 
-1.790492e-03 
-2.147123e-03 
-2.491216e-03 
-2.806489e-03 
-3.118015e-03 
-3.417403e-03 
-3.655558e-03 
-3.890882e-03 
-4.052057e-03 
-4.183437e-03 
-4.313233e-03 
-4.441465e-03 
-4.465157e-03 
-4.462902e-03 
-4.450959e-03 
-4.390213e-03 
-4.330084e-03 
-4.225358e-03 
-4.076795e-03 
-3.929836e-03 
-3.784461e-03 
-3.580357e-03 
-3.371585e-03 
-3.165081e-03 
-2.960817e-03 
-2.716477e-03 
-2.474788e-03 
-2.235717e-03 
-1.999233e-03 
-1.741556e-03 
-1.485703e-03 
-1.232608e-03 
-9.822396e-04 
-7.311705e-04 
-4.765314e-04 
-2.246235e-04 
2.458627e-05 
2.710405e-04 
5.148238e-04 
7.560063e-04 
9.946192e-04 
1.230693e-03 
1.464258e-03 
1.682146e-03 
1.897723e-03 
2.111017e-03 
2.322054e-03 
2.530861e-03 
2.737464e-03 
2.941890e-03 
3.115290e-03 
3.286861e-03 
3.456625e-03 
3.624601e-03 
3.790811e-03 
3.955276e-03 
4.118015e-03 
4.279049e-03 
4.421439e-03 
4.541712e-03 
4.660716e-03 
4.778464e-03 
4.894971e-03 
5.010252e-03 
5.124321e-03 
5.237190e-03 
5.348875e-03 
5.459388e-03 
5.568743e-03 
5.676952e-03 
5.752897e-03 
5.828029e-03 
5.902355e-03 
5.975886e-03 
6.048630e-03 
6.120597e-03 
6.191794e-03 
6.262231e-03 
6.331915e-03 
6.400856e-03 
6.469062e-03 
6.536541e-03 
6.603301e-03 
6.669350e-03 
6.714494e-03 
6.754988e-03 
6.795022e-03 
6.834603e-03 
6.873736e-03 
6.912425e-03 
6.950675e-03 
6.988492e-03 
7.025880e-03 
7.062843e-03 
7.099387e-03 
7.135517e-03 
7.171236e-03 
7.206549e-03 
7.241461e-03 
7.275977e-03 
7.310100e-03 
7.343834e-03 
7.377185e-03 
7.410156e-03 
7.442752e-03 
7.474975e-03 
7.506832e-03 
7.538325e-03 
7.569458e-03 
7.585562e-03 
7.595125e-03 
7.604527e-03 
7.613769e-03 
7.622853e-03 
7.631782e-03 
7.640556e-03 
7.649178e-03 
7.657650e-03 
7.665973e-03 
7.674149e-03 
7.682180e-03 
7.690066e-03 
7.697811e-03 
7.705415e-03 
7.712881e-03 
7.720209e-03 
7.727402e-03 
7.734460e-03 
7.741386e-03 
7.748181e-03 
7.754847e-03 
7.761384e-03 
7.767795e-03 
7.774080e-03 
7.780242e-03 
7.786044e-03 
7.773799e-03 
7.761588e-03 
7.749411e-03 
7.737267e-03 
7.725157e-03 
7.713080e-03 
7.701037e-03 
7.689027e-03 
7.660050e-03 
7.622372e-03 
7.584939e-03 
7.547751e-03 
7.510805e-03 
7.474099e-03 
7.437632e-03 
7.401401e-03 
7.365404e-03 
7.327104e-03 
7.287931e-03 
7.249016e-03 
7.210357e-03 
7.171952e-03 
7.133798e-03 
7.095894e-03 
7.073064e-03 
7.107628e-03 
7.141858e-03 
7.175758e-03 
7.209329e-03 
7.242575e-03 
7.275499e-03 
7.308104e-03 
7.327879e-03 
7.342423e-03 
7.356795e-03 
7.370996e-03 
7.385028e-03 
7.398894e-03 
7.412594e-03 
7.426130e-03 
7.439504e-03 
7.439486e-03 
7.439411e-03 
7.439282e-03 
7.439097e-03 
7.438858e-03 
7.438566e-03 
7.438220e-03 
7.437822e-03 
7.437373e-03 
7.436872e-03 
7.436321e-03 
7.444430e-03 
7.457096e-03 
7.469612e-03 
7.481980e-03 
7.494200e-03 
7.506275e-03 
7.518205e-03 
7.529992e-03 
7.541638e-03 
7.553143e-03 
7.564509e-03 
7.575737e-03 
7.586829e-03 
7.597786e-03 
7.608609e-03 
7.619300e-03 
7.629859e-03 
7.640289e-03 
7.650589e-03 
7.660762e-03 
7.670808e-03 
7.680729e-03 
7.690526e-03 
7.700200e-03 
7.709753e-03 
7.719184e-03 
7.728497e-03 
7.737690e-03 
7.746767e-03 
7.755727e-03 
7.764572e-03 
7.773304e-03 
7.780457e-03 
7.773767e-03 
7.767076e-03 
7.760382e-03 
7.753687e-03 
7.746990e-03 
7.740291e-03 
7.733591e-03 
7.726890e-03 
7.720188e-03 
7.713485e-03 
7.706781e-03 
7.700077e-03 
7.693372e-03 
7.686666e-03 
7.679961e-03 
7.673255e-03 
7.666549e-03 
7.659844e-03 
7.653138e-03 
7.646433e-03 
7.639728e-03 
7.633024e-03 
7.626321e-03 
7.619619e-03 
7.612917e-03 
7.606216e-03 
7.599517e-03 
7.592819e-03 
7.586122e-03 
7.579427e-03 
7.572733e-03 
7.566041e-03 
7.559350e-03 
7.552662e-03 
7.545975e-03 
7.539290e-03 
7.532608e-03 
7.525928e-03 
7.519250e-03 
7.512574e-03 
7.495721e-03 
7.477133e-03 
7.458628e-03 
7.440205e-03 
7.421862e-03 
7.403601e-03 
7.385419e-03 
7.367318e-03 
7.349295e-03 
7.331352e-03 
7.313486e-03 
7.295699e-03 
7.277988e-03 
7.260355e-03 
7.242798e-03 
7.225316e-03 
7.220259e-03 
7.216564e-03 
7.212855e-03 
7.209132e-03 
7.205395e-03 
7.201644e-03 
7.197881e-03 
7.194103e-03 
7.190313e-03 
7.186510e-03 
7.182695e-03 
7.178867e-03 
7.175026e-03 
7.170602e-03 
7.164231e-03 
7.157863e-03 
7.151500e-03 
7.145141e-03 
7.138786e-03 
7.132436e-03 
7.126090e-03 
7.119749e-03 
7.113412e-03 
7.107080e-03 
7.100752e-03 
7.094430e-03 
7.088112e-03 
7.081799e-03 
7.075490e-03 
7.069187e-03 
7.062889e-03 
7.056595e-03 
7.050307e-03 
7.044024e-03 
7.037745e-03 
7.031472e-03 
7.025205e-03 
7.018942e-03 
7.012685e-03 
7.006433e-03 
7.000187e-03 
6.993946e-03 
6.987710e-03 
6.981238e-03 
6.969532e-03 
6.957866e-03 
6.946238e-03 
6.934648e-03 
6.923097e-03 
6.911584e-03 
6.900109e-03 
6.888672e-03 
6.877272e-03 
6.865909e-03 
6.854584e-03 
6.843295e-03 
6.832044e-03 
6.820829e-03 
6.809650e-03 
6.798508e-03 
6.787402e-03 
6.776332e-03 
6.765297e-03 
6.754299e-03 
6.743335e-03 
6.732407e-03 
6.721514e-03 
6.710656e-03 
6.699832e-03 
6.689044e-03 
6.678289e-03 
6.667569e-03 
6.656883e-03 
6.646231e-03 
6.635612e-03 
6.625027e-03 
6.614476e-03 
6.603958e-03 
6.593473e-03 
6.583021e-03 
6.572602e-03 
6.562216e-03 
6.551862e-03 
6.541540e-03 
6.531251e-03 
6.520994e-03 
6.510768e-03 
6.500575e-03 
6.490413e-03 
6.480282e-03 
6.470183e-03 
6.460115e-03 
6.450078e-03 
6.440072e-03 
6.430097e-03 
6.420153e-03 
6.410239e-03 
6.400355e-03 
6.390501e-03 
6.380678e-03 
6.370884e-03 
6.361120e-03 
6.351386e-03 
6.341682e-03 
6.332007e-03 
6.322361e-03 
6.312744e-03 
6.303156e-03 
6.293597e-03 
6.282226e-03 
6.270050e-03 
6.257918e-03 
6.245828e-03 
6.233781e-03 
6.221777e-03 
6.209815e-03 
6.197895e-03 
6.186017e-03 
6.174181e-03 
6.162387e-03 
6.150633e-03 
6.138921e-03 
6.127250e-03 
6.115620e-03 
6.104030e-03 
6.092481e-03 
6.080971e-03 
6.069502e-03 
6.058072e-03 
6.046682e-03 
6.035331e-03 
6.024019e-03 
6.012746e-03 
6.001512e-03 
5.990317e-03 
5.979159e-03 
5.968041e-03 
5.956960e-03 
5.945916e-03 
5.934911e-03 
5.923943e-03 
5.913012e-03 
5.902118e-03 
5.891262e-03 
5.880442e-03 
5.869658e-03 
5.858911e-03 
5.848200e-03 
5.837525e-03 
5.826886e-03 
5.816283e-03 
5.805715e-03 
5.795182e-03 
5.784685e-03 
5.774223e-03 
5.763795e-03 
5.753403e-03 
5.743044e-03 
5.732720e-03 
5.722431e-03 
5.712175e-03 
5.701953e-03 
5.691765e-03 
5.681610e-03 
5.671489e-03 
5.661401e-03 
5.651346e-03 
5.641324e-03 
5.631335e-03 
5.621378e-03 
5.611454e-03 
5.601562e-03 
5.591703e-03 
5.581875e-03 
5.572079e-03 
5.562315e-03 
5.552582e-03 
5.542881e-03 
5.533211e-03 
5.523573e-03 
5.513965e-03 
5.504388e-03 
5.494842e-03 
5.485326e-03 
5.475841e-03 
5.466386e-03 
5.456832e-03 
5.445933e-03 
5.435072e-03 
5.424248e-03 
5.413461e-03 
5.402711e-03 
5.391998e-03 
5.381321e-03 
5.370681e-03 
5.360076e-03 
5.349508e-03 
5.338975e-03 
5.328478e-03 
5.318017e-03 
5.307591e-03 
5.297200e-03 
5.286844e-03 
5.276522e-03 
5.266236e-03 
5.255984e-03 
5.245766e-03 
5.235583e-03 
5.225433e-03 
5.215318e-03 
5.205236e-03 
5.195187e-03 
5.185172e-03 
5.175191e-03 
5.165242e-03 
5.155326e-03 
5.145443e-03 
5.135593e-03 
5.125775e-03 
5.115990e-03 
5.106236e-03 
5.096515e-03 
5.086826e-03 
5.077168e-03 
5.067542e-03 
5.057948e-03 
5.048384e-03 
5.038852e-03 
5.029351e-03 
5.019881e-03 
5.010442e-03 
5.001033e-03 
4.991655e-03 
4.982307e-03 
4.972989e-03 
4.963702e-03 
4.954444e-03 
4.945216e-03 
4.936018e-03 
4.926849e-03 
4.917710e-03 
4.908599e-03 
4.899519e-03 
4.890467e-03 
4.881444e-03 
4.872449e-03 
4.863484e-03 
4.854547e-03 
4.845638e-03 
4.836757e-03 
4.827905e-03 
4.819081e-03 
4.810284e-03 
4.801515e-03 
4.792774e-03 
4.784061e-03 
4.775374e-03 
4.766715e-03 
4.758084e-03 
4.749479e-03 
4.740901e-03 
4.732350e-03 
4.723826e-03 
4.715328e-03 
4.706856e-03 
4.698412e-03 
4.689993e-03 
4.681600e-03 
4.673233e-03 
4.664893e-03 
4.656578e-03 
4.648288e-03 
4.640025e-03 
4.631786e-03 
4.623573e-03 
4.615385e-03 
4.607223e-03 
4.599085e-03 
4.590972e-03 
4.582884e-03 
4.574821e-03 
4.566783e-03 
4.558768e-03 
4.550779e-03 
4.542330e-03 
4.533591e-03 
4.524880e-03 
4.516197e-03 
4.507541e-03 
4.498912e-03 
4.490310e-03 
4.481735e-03 
4.473188e-03 
4.464667e-03 
4.456172e-03 
4.447705e-03 
4.439263e-03 
4.430848e-03 
4.422460e-03 
4.414097e-03 
4.405761e-03 
4.397450e-03 
4.389165e-03 
4.380906e-03 
4.372672e-03 
4.364464e-03 
4.356281e-03 
4.348124e-03 
4.339991e-03 
4.331884e-03 
4.323801e-03 
4.315744e-03 
4.307711e-03 
4.299702e-03 
4.291719e-03 
4.283759e-03 
4.275824e-03 
4.267913e-03 
4.260026e-03 
4.252164e-03 
4.244325e-03 
4.236510e-03 
4.228718e-03 
4.220950e-03 
4.213206e-03 
4.205485e-03 
4.197788e-03 
4.190114e-03 
4.182462e-03 
4.174834e-03 
4.167229e-03 
4.159647e-03 
4.152087e-03 
4.144550e-03 
4.137036e-03 
4.129544e-03 
4.122074e-03 
4.114627e-03 
4.107202e-03 
4.099799e-03 
4.092418e-03 
4.085059e-03 
4.077721e-03 
4.070406e-03 
4.063112e-03 
4.055840e-03 
4.048589e-03 
4.041359e-03 
4.034151e-03 
4.026964e-03 
4.019799e-03 
4.012654e-03 
4.005530e-03 
3.998428e-03 
3.991345e-03 
3.984284e-03 
3.977243e-03 
3.970223e-03 
3.963224e-03 
3.956244e-03 
3.949285e-03 
3.942347e-03 
3.935428e-03 
3.928529e-03 
3.921651e-03 
3.914792e-03 
3.907953e-03 
3.901134e-03 
3.894335e-03 
3.887555e-03 
3.880795e-03 
3.874054e-03 
3.867332e-03 
3.860630e-03 
3.853947e-03 
3.847283e-03 
3.840638e-03 
3.834013e-03 
3.827406e-03 
3.820817e-03 
3.814248e-03 
3.807697e-03 
3.801165e-03 
3.794652e-03 
3.788157e-03 
3.781680e-03 
3.775222e-03 
3.768782e-03 
3.761896e-03 
3.755029e-03 
3.748183e-03 
3.741357e-03 
3.734550e-03 
3.727763e-03 
3.720995e-03 
3.714247e-03 
3.707518e-03 
3.700809e-03 
3.694119e-03 
3.687448e-03 
3.680797e-03 
3.674164e-03 
3.667550e-03 
3.660956e-03 
3.654380e-03 
3.647823e-03 
3.641284e-03 
3.634764e-03 
3.628263e-03 
3.621780e-03 
3.615316e-03 
3.608870e-03 
3.602442e-03 
3.596032e-03 
3.589641e-03 
3.583267e-03 
3.576912e-03 
3.570574e-03 
3.564254e-03 
3.557952e-03 
3.551668e-03 
3.545402e-03 
3.539153e-03 
3.532921e-03 
3.526707e-03 
3.520510e-03 
3.514331e-03 
3.508169e-03 
3.502024e-03 
3.495896e-03 
3.489785e-03 
3.483692e-03 
3.477615e-03 
3.471555e-03 
3.465511e-03 
3.459485e-03 
3.453475e-03 
3.447482e-03 
3.441505e-03 
3.435545e-03 
3.429601e-03 
3.423674e-03 
3.417763e-03 
3.411868e-03 
3.405989e-03 
3.400127e-03 
3.394280e-03 
3.388450e-03 
3.382635e-03 
3.376837e-03 
3.371054e-03 
3.365287e-03 
3.359535e-03 
3.353800e-03 
3.348079e-03 
3.342375e-03 
3.336686e-03 
3.331012e-03 
3.325354e-03 
3.319711e-03 
3.314083e-03 
3.308470e-03 
3.302873e-03 
3.297290e-03 
3.291723e-03 
3.286171e-03 
3.280633e-03 
3.275111e-03 
3.269603e-03 
3.264110e-03 
3.258631e-03 
3.253168e-03 
3.247719e-03 
3.242284e-03 
3.236864e-03 
3.231459e-03 
3.226067e-03 
3.220691e-03 
3.215328e-03 
3.209980e-03 
3.204645e-03 
3.199325e-03 
3.194019e-03 
3.188727e-03 
3.183449e-03 
3.178185e-03 
3.172935e-03 
3.167699e-03 
3.162476e-03 
3.157268e-03 
3.152073e-03 
3.146891e-03 
3.141723e-03 
3.136569e-03 
3.131428e-03 
3.126300e-03 
3.121186e-03 
3.116086e-03 
3.110998e-03 
3.105924e-03 
3.100863e-03 
3.095815e-03 
3.090781e-03 
3.085759e-03 
3.080751e-03 
3.075755e-03 
3.070772e-03 
3.065802e-03 
3.060845e-03 
3.055901e-03 
3.050970e-03 
3.046051e-03 
3.041145e-03 
3.036252e-03 
3.031371e-03 
3.026502e-03 
3.021647e-03 
3.016803e-03 
3.011972e-03 
3.007153e-03 
3.002347e-03 
2.997553e-03 
2.992771e-03 
2.988001e-03 
2.983150e-03 
2.978137e-03 
2.973138e-03 
2.968151e-03 
2.963177e-03 
2.958216e-03 
2.953268e-03 
2.948332e-03 
2.943410e-03 
2.938500e-03 
2.933602e-03 
2.928718e-03 
2.923845e-03 
2.918986e-03 
2.914138e-03 
2.909304e-03 
2.904481e-03 
2.899671e-03 
2.894873e-03 
2.890088e-03 
2.885314e-03 
2.880553e-03 
2.875804e-03 
2.871067e-03 
2.866342e-03 
2.861630e-03 
2.856929e-03 
2.852240e-03 
2.847562e-03 
2.842897e-03 
2.838244e-03 
2.833602e-03 
2.828972e-03 
2.824354e-03 
2.819747e-03 
2.815152e-03 
2.810569e-03 
2.805997e-03 
2.801436e-03 
2.796887e-03 
2.792349e-03 
2.787823e-03 
2.783308e-03 
2.778805e-03 
2.774312e-03 
2.769831e-03 
2.765361e-03 
2.760902e-03 
2.756454e-03 
2.752018e-03 
2.747592e-03 
2.743178e-03 
2.738774e-03 
2.734381e-03 
2.729999e-03 
2.725628e-03 
2.721268e-03 
2.716919e-03 
2.712580e-03 
2.708252e-03 
2.703935e-03 
2.699628e-03 
2.695332e-03 
2.691046e-03 
2.686771e-03 
2.682507e-03 
2.678253e-03 
2.674009e-03 
2.669776e-03 
2.665553e-03 
2.661341e-03 
2.657138e-03 
2.652946e-03 
2.648765e-03 
2.644593e-03 
2.640432e-03 
2.636280e-03 
2.632139e-03 
2.628008e-03 
2.623887e-03 
2.619776e-03 
2.615675e-03 
2.611583e-03 
2.607502e-03 
2.603430e-03 
2.599369e-03 
2.595317e-03 
2.591275e-03 
2.587242e-03 
2.583220e-03 
2.579207e-03 
2.575203e-03 
2.571210e-03 
2.567226e-03 
2.563251e-03 
2.559286e-03 
2.555330e-03 
2.551384e-03 
2.547447e-03 
2.543520e-03 
2.539602e-03 
2.535693e-03 
2.531794e-03 
2.527904e-03 
2.524023e-03 
2.520152e-03 
2.516289e-03 
2.512436e-03 
2.508592e-03 
2.504757e-03 
2.500931e-03 
2.497114e-03 
2.493306e-03 
2.489507e-03 
2.485717e-03 
2.481936e-03 
2.478164e-03 
2.474401e-03 
2.470646e-03 
2.466901e-03 
2.463164e-03 
2.459436e-03 
2.455716e-03 
2.452006e-03 
2.448304e-03 
2.444611e-03 
2.440926e-03 
2.437250e-03 
2.433582e-03 
2.429923e-03 
2.426273e-03 
2.422631e-03 
2.418997e-03 
2.415372e-03 
2.411756e-03 
2.408147e-03 
2.404547e-03 
2.400956e-03 
2.397373e-03 
2.393798e-03 
2.390231e-03 
2.386672e-03 
2.383122e-03 
2.379580e-03 
2.376046e-03 
2.372520e-03 
2.369002e-03 
2.365493e-03 
2.361991e-03 
2.358497e-03 
2.355012e-03 
2.351534e-03 
2.348064e-03 
2.344603e-03 
2.341149e-03 
2.337703e-03 
2.334265e-03 
2.330834e-03 
2.327412e-03 
2.323997e-03 
2.320590e-03 
2.317191e-03 
2.313800e-03 
2.310416e-03 
2.307040e-03 
2.303671e-03 
2.300310e-03 
2.296957e-03 
2.293612e-03 
2.290273e-03 
2.286943e-03 
2.283620e-03 
2.280304e-03 
2.276996e-03 
2.273695e-03 
2.270370e-03 
2.266956e-03 
2.263550e-03 
2.260151e-03 
2.256761e-03 
2.253377e-03 
2.250002e-03 
2.246634e-03 
2.243274e-03 
2.239922e-03 
2.236577e-03 
2.233240e-03 
2.229910e-03 
2.226587e-03 
2.223272e-03 
2.219965e-03 
2.216665e-03 
2.213373e-03 
2.210087e-03 
2.206810e-03 
2.203539e-03 
2.200276e-03 
2.197020e-03 
2.193772e-03 
2.190530e-03 
2.187296e-03 
2.184070e-03 
2.180850e-03 
2.177638e-03 
2.174432e-03 
2.171234e-03 
2.168043e-03 
2.164859e-03 
2.161682e-03 
2.158512e-03 
2.155350e-03 
2.152194e-03 
2.149045e-03 
2.145903e-03 
2.142768e-03 
2.139640e-03 
2.136519e-03 
2.133405e-03 
2.130298e-03 
2.127197e-03 
2.124103e-03 
2.121016e-03 
2.117936e-03 
2.114863e-03 
2.111796e-03 
2.108737e-03 
2.105683e-03 
2.102637e-03 
2.099597e-03 
2.096564e-03 
2.093537e-03 
2.090517e-03 
2.087504e-03 
2.084497e-03 
2.081497e-03 
2.078503e-03 
2.075516e-03 
2.072535e-03 
2.069561e-03 
2.066593e-03 
2.063632e-03 
2.060677e-03 
2.057729e-03 
2.054787e-03 
2.051851e-03 
2.048921e-03 
2.045998e-03 
2.043081e-03 
2.040171e-03 
2.037267e-03 
2.034369e-03 
2.031477e-03 
2.028591e-03 
2.025712e-03 
2.022839e-03 
2.019972e-03 
2.017111e-03 
2.014256e-03 
2.011407e-03 
2.008565e-03 
2.005728e-03 
2.002898e-03 
2.000074e-03 
1.997255e-03 
1.994443e-03 
1.991637e-03 
1.988836e-03 
1.986042e-03 
1.983253e-03 
1.980471e-03 
1.977694e-03 
1.974923e-03 
1.972158e-03 
1.969399e-03 
1.966646e-03 
1.963899e-03 
1.961157e-03 
1.958421e-03 
1.955691e-03 
1.952967e-03 
1.950248e-03 
1.947536e-03 
1.944828e-03 
1.942127e-03 
1.939431e-03 
1.936741e-03 
1.934057e-03 
1.931378e-03 
1.928705e-03 
1.926037e-03 
1.923375e-03 
1.920719e-03 
1.918068e-03 
1.915422e-03 
1.912783e-03 
1.910148e-03 
1.907519e-03 
1.904896e-03 
1.902278e-03 
1.899666e-03 
1.897059e-03 
1.894457e-03 
1.891861e-03 
1.889270e-03 
1.886684e-03 
1.884104e-03 
1.881529e-03 
1.878960e-03 
1.876396e-03 
1.873837e-03 
1.871283e-03 
1.868735e-03 
1.866192e-03 
1.863654e-03 
1.861121e-03 
1.858594e-03 
1.856071e-03 
1.853554e-03 
1.851043e-03 
1.848536e-03 
1.846034e-03 
1.843538e-03 
1.841046e-03 
1.838560e-03 
1.836079e-03 
1.833603e-03 
1.831132e-03 
1.828665e-03 
1.826204e-03 
1.823748e-03 
1.821297e-03 
1.818851e-03 
1.816410e-03 
1.813974e-03 
1.811543e-03 
1.809117e-03 
1.806695e-03 
1.804279e-03 
1.801868e-03 
1.799461e-03 
1.797059e-03 
1.794662e-03 
1.792270e-03 
1.789883e-03 
1.787500e-03 
1.785123e-03 
1.782750e-03 
1.780382e-03 
1.778018e-03 
1.775660e-03 
1.773306e-03 
1.770957e-03 
1.768612e-03 
1.766273e-03 
1.763937e-03 
1.761607e-03 
1.759281e-03 
1.756960e-03 
1.754644e-03 
1.752332e-03 
1.750025e-03 
1.747722e-03 
1.745424e-03 
1.743131e-03 
1.740842e-03 
1.738557e-03 
1.736278e-03 
1.734002e-03 
1.731732e-03 
1.729465e-03 
1.727203e-03 
1.724946e-03 
1.722693e-03 
1.720445e-03 
1.718201e-03 
1.715961e-03 
1.713726e-03 
1.711496e-03 
1.709269e-03 
1.707047e-03 
1.704830e-03 
1.702617e-03 
1.700408e-03 
1.698203e-03 
1.696003e-03 
1.693807e-03 
1.691616e-03 
1.689428e-03 
1.687245e-03 
1.685067e-03 
1.682892e-03 
1.680722e-03 
1.678556e-03 
1.676394e-03 
1.674237e-03 
1.672083e-03 
1.669934e-03 
1.667789e-03 
1.665648e-03 
1.663512e-03 
1.661379e-03 
1.659251e-03 
1.657127e-03 
1.655007e-03 
1.652891e-03 
1.650775e-03 
1.648600e-03 
1.646430e-03 
1.644265e-03 
1.642103e-03 
1.639946e-03 
1.637792e-03 
1.635643e-03 
1.633499e-03 
1.631358e-03 
1.629222e-03 
1.627089e-03 
1.624961e-03 
1.622837e-03 
1.620717e-03 
1.618601e-03 
1.616490e-03 
1.614382e-03 
1.612278e-03 
1.610179e-03 
1.608083e-03 
1.605992e-03 
1.603905e-03 
1.601821e-03 
1.599742e-03 
1.597667e-03 
1.595595e-03 
1.593528e-03 
1.591465e-03 
1.589405e-03 
1.587350e-03 
1.585298e-03 
1.583250e-03 
1.581207e-03 
1.579167e-03 
1.577131e-03 
1.575099e-03 
1.573071e-03 
1.571047e-03 
1.569026e-03 
1.567010e-03 
1.564997e-03 
1.562988e-03 
1.560983e-03 
1.558982e-03 
1.556985e-03 
1.554991e-03 
1.553001e-03 
1.551015e-03 
1.549033e-03 
1.547054e-03 
1.545079e-03 
1.543108e-03 
1.541141e-03 
1.539177e-03 
1.537217e-03 
1.535261e-03 
1.533309e-03 
1.531360e-03 
1.529415e-03 
1.527473e-03 
1.525535e-03 
1.523601e-03 
1.521671e-03 
1.519744e-03 
1.517820e-03 
1.515901e-03 
1.513984e-03 
1.512072e-03 
1.510163e-03 
1.508258e-03 
1.506356e-03 
1.504457e-03 
1.502563e-03 
1.500671e-03 
1.498784e-03 
1.496900e-03 
1.495019e-03 
1.493142e-03 
1.491268e-03 
1.489398e-03 
1.487531e-03 
1.485668e-03 
1.483808e-03 
1.481952e-03 
1.480099e-03 
1.478250e-03 
1.476404e-03 
1.474561e-03 
1.472722e-03 
1.470886e-03 
1.469054e-03 
1.467225e-03 
1.465399e-03 
1.463577e-03 
1.461758e-03 
1.459942e-03 
1.458130e-03 
1.456321e-03 
1.454516e-03 
1.452714e-03 
1.450915e-03 
1.449119e-03 
1.447327e-03 
1.445538e-03 
1.443752e-03 
1.441969e-03 
1.440190e-03 
1.438414e-03 
1.436641e-03 
1.434872e-03 
1.433105e-03 
1.431342e-03 
1.429582e-03 
1.427826e-03 
1.426072e-03 
1.424322e-03 
1.422575e-03 
1.420831e-03 
1.419090e-03 
1.417353e-03 
1.415618e-03 
1.413887e-03 
1.412159e-03 
1.410434e-03 
1.408712e-03 
1.406993e-03 
1.405278e-03 
1.403565e-03 
1.401856e-03 
1.400149e-03 
1.398446e-03 
1.396746e-03 
1.395048e-03 
1.393354e-03 
1.391663e-03 
1.389975e-03 
1.388290e-03 
1.386608e-03 
1.384929e-03 
1.383253e-03 
1.381580e-03 
1.379910e-03 
1.378243e-03 
1.376579e-03 
1.374918e-03 
1.373260e-03 
1.371605e-03 
1.369953e-03 
1.368304e-03 
1.366658e-03 
1.365014e-03 
1.363374e-03 
1.361736e-03 
1.360102e-03 
1.358470e-03 
1.356841e-03 
1.355216e-03 
1.353593e-03 
1.351973e-03 
1.350355e-03 
1.348741e-03 
1.347130e-03 
1.345521e-03 
1.343915e-03 
1.342312e-03 
1.340712e-03 
1.339115e-03 
1.337520e-03 
1.335929e-03 
1.334340e-03 
1.332754e-03 
1.331170e-03 
1.329590e-03 
1.328012e-03 
1.326437e-03 
1.324865e-03 
1.323296e-03 
1.321729e-03 
1.320165e-03 
1.318604e-03 
1.317046e-03 
1.315490e-03 
1.313937e-03 
1.312387e-03 
1.310839e-03 
1.309294e-03 
1.307752e-03 
1.306212e-03 
1.304676e-03 
1.303142e-03 
1.301610e-03 
1.300081e-03 
1.298555e-03 
1.297032e-03 
1.295511e-03 
1.293993e-03 
1.292477e-03 
1.290964e-03 
1.289454e-03 
1.287946e-03 
1.286441e-03 
1.284939e-03 
1.283439e-03 
1.281942e-03 
1.280447e-03 
1.278955e-03 
1.277465e-03 
1.275978e-03 
1.274494e-03 
1.273012e-03 
1.271533e-03 
1.270056e-03 
1.268582e-03 
1.267110e-03 
1.265641e-03 
1.264174e-03 
1.262710e-03 
1.261249e-03 
1.259790e-03 
1.258333e-03 
1.256879e-03 
1.255427e-03 
1.253978e-03 
1.252531e-03 
1.251087e-03 
1.249645e-03 
1.248206e-03 
1.246769e-03 
1.245335e-03 
1.243903e-03 
1.242474e-03 
1.241047e-03 
1.239622e-03 
1.238200e-03 
1.236780e-03 
1.235363e-03 
1.233948e-03 
1.232535e-03 
1.231125e-03 
1.229717e-03 
1.228312e-03 
1.226909e-03 
1.225508e-03 
1.224110e-03 
1.222714e-03 
1.221320e-03 
1.219929e-03 
1.218540e-03 
1.217154e-03 
1.215769e-03 
1.214387e-03 
1.213008e-03 
1.211631e-03 
1.210256e-03 
1.208883e-03 
1.207513e-03 
1.206145e-03 
1.204779e-03 
1.203416e-03 
1.202055e-03 
1.200696e-03 
1.199339e-03 
1.197977e-03 
1.196590e-03 
1.195205e-03 
1.193823e-03 
1.192443e-03 
1.191065e-03 
1.189690e-03 
1.188316e-03 
1.186945e-03 
1.185577e-03 
1.184211e-03 
1.182847e-03 
1.181485e-03 
1.180125e-03 
1.178768e-03 
1.177413e-03 
1.176061e-03 
1.174710e-03 
1.173362e-03 
1.172016e-03 
1.170673e-03 
1.169331e-03 
1.167992e-03 
1.166655e-03 
1.165321e-03 
1.163988e-03 
1.162658e-03 
1.161330e-03 
1.160004e-03 
1.158680e-03 
1.157359e-03 
1.156040e-03 
1.154723e-03 
1.153408e-03 
1.152095e-03 
1.150784e-03 
1.149476e-03 
1.148170e-03 
1.146866e-03 
1.145564e-03 
1.144264e-03 
1.142966e-03 
1.141671e-03 
1.140378e-03 
1.139086e-03 
1.137797e-03 
1.136510e-03 
1.135226e-03 
1.133943e-03 
1.132662e-03 
1.131384e-03 
1.130107e-03 
1.128833e-03 
1.127561e-03 
1.126290e-03 
1.125022e-03 
1.123756e-03 
1.122492e-03 
1.121230e-03 
1.119971e-03 
1.118713e-03 
1.117457e-03 
1.116203e-03 
1.114952e-03 
1.113702e-03 
1.112455e-03 
1.111209e-03 
1.109966e-03 
1.108724e-03 
1.107485e-03 
1.106247e-03 
1.105012e-03 
1.103778e-03 
1.102547e-03 
1.101318e-03 
1.100090e-03 
1.098865e-03 
1.097641e-03 
1.096420e-03 
1.095200e-03 
1.093983e-03 
1.092767e-03 
1.091553e-03 
1.090342e-03 
1.089132e-03 
1.087924e-03 
1.086718e-03 
1.085515e-03 
1.084313e-03 
1.083113e-03 
1.081915e-03 
1.080718e-03 
1.079524e-03 
1.078332e-03 
1.077141e-03 
1.075953e-03 
1.074766e-03 
1.073582e-03 
1.072399e-03 
1.071218e-03 
1.070039e-03 
1.068862e-03 
1.067687e-03 
1.066513e-03 
1.065342e-03 
1.064172e-03 
1.063004e-03 
1.061838e-03 
1.060674e-03 
1.059512e-03 
1.058352e-03 
1.057193e-03 
1.056037e-03 
1.054882e-03 
1.053729e-03 
1.052578e-03 
1.051428e-03 
1.050281e-03 
1.049135e-03 
1.047991e-03 
1.046849e-03 
1.045709e-03 
1.044570e-03 
1.043434e-03 
1.042299e-03 
1.041166e-03 
1.040034e-03 
1.038905e-03 
1.037777e-03 
1.036651e-03 
1.035527e-03 
1.034404e-03 
1.033284e-03 
1.032165e-03 
1.031048e-03 
1.029932e-03 
1.028819e-03 
1.027707e-03 
1.026597e-03 
1.025488e-03 
1.024382e-03 
1.023277e-03 
1.022173e-03 
1.021072e-03 
1.019972e-03 
1.018874e-03 
1.017778e-03 
1.016683e-03 
1.015590e-03 
1.014499e-03 
1.013410e-03 
1.012322e-03 
1.011236e-03 
1.010151e-03 
1.009069e-03 
1.007988e-03 
1.006908e-03 
1.005830e-03 
1.004754e-03 
1.003680e-03 
1.002607e-03 
1.001536e-03 
1.000467e-03 
9.993993e-04 
9.983332e-04 
9.972688e-04 
9.962061e-04 
9.951449e-04 
9.940855e-04 
9.930276e-04 
9.919714e-04 
9.909168e-04 
9.898639e-04 
9.888125e-04 
9.877628e-04 
9.867147e-04 
9.856682e-04 
9.846233e-04 
9.835801e-04 
9.825384e-04 
9.814983e-04 
9.804598e-04 
9.794230e-04 
9.783877e-04 
9.773540e-04 
9.763218e-04 
9.752913e-04 
9.742623e-04 
9.732349e-04 
9.722091e-04 
9.711849e-04 
9.701622e-04 
9.691410e-04 
9.681215e-04 
9.671034e-04 
9.660870e-04 
9.650721e-04 
9.640587e-04 
9.630468e-04 
9.620366e-04 
9.610278e-04 
9.600206e-04 
9.590149e-04 
9.580107e-04 
9.570081e-04 
9.560069e-04 
9.550073e-04 
9.540092e-04 
9.530127e-04 
9.520176e-04 
9.510240e-04 
9.500320e-04 
9.490414e-04 
9.480523e-04 
9.470648e-04 
9.460787e-04 
9.450941e-04 
9.441110e-04 
9.431293e-04 
9.421492e-04 
9.411705e-04 
9.401933e-04 
9.392176e-04 
9.382433e-04 
9.372705e-04 
9.362992e-04 
9.353293e-04 
9.343608e-04 
9.333939e-04 
9.324283e-04 
9.314643e-04 
9.305016e-04 
9.295404e-04 
9.285807e-04 
9.276223e-04 
9.266655e-04 
9.257100e-04 
9.247560e-04 
9.238034e-04 
9.228522e-04 
9.219024e-04 
9.209540e-04 
9.200071e-04 
9.190616e-04 
9.181174e-04 
9.171747e-04 
9.162334e-04 
9.152935e-04 
9.143549e-04 
9.134178e-04 
9.124821e-04 
9.115477e-04 
9.106148e-04 
9.096832e-04 
9.087530e-04 
9.078241e-04 
9.068967e-04 
9.059706e-04 
9.050459e-04 
9.041225e-04 
9.032006e-04 
9.022799e-04 
9.013607e-04 
9.004428e-04 
8.995262e-04 
8.986110e-04 
8.976971e-04 
8.967846e-04 
8.958735e-04 
8.949636e-04 
8.940551e-04 
8.931480e-04 
8.922422e-04 
8.913377e-04 
8.904345e-04 
8.895326e-04 
8.886321e-04 
8.877329e-04 
8.868350e-04 
8.859385e-04 
8.850432e-04 
8.841492e-04 
8.832566e-04 
8.823653e-04 
8.814752e-04 
8.805865e-04 
8.796990e-04 
8.788129e-04 
8.779280e-04 
8.770445e-04 
8.761622e-04 
8.752812e-04 
8.744015e-04 
8.735230e-04 
8.726459e-04 
8.717700e-04 
8.708712e-04 
8.699677e-04 
8.690656e-04 
8.681647e-04 
8.672652e-04 
8.663670e-04 
8.654701e-04 
8.645746e-04 
8.636803e-04 
8.627874e-04 
8.618957e-04 
8.610054e-04 
8.601163e-04 
8.592285e-04 
8.583421e-04 
8.574569e-04 
8.565730e-04 
8.556904e-04 
8.548091e-04 
8.539291e-04 
8.530504e-04 
8.521729e-04 
8.512967e-04 
8.504218e-04 
8.495481e-04 
8.486757e-04 
8.478046e-04 
8.469347e-04 
8.460661e-04 
8.451988e-04 
8.443327e-04 
8.434678e-04 
8.426043e-04 
8.417419e-04 
8.408808e-04 
8.400210e-04 
8.391624e-04 
8.383050e-04 
8.374489e-04 
8.365940e-04 
8.357403e-04 
8.348878e-04 
8.340366e-04 
8.331866e-04 
8.323379e-04 
8.314903e-04 
8.306440e-04 
8.297989e-04 
8.289550e-04 
8.281123e-04 
8.272708e-04 
8.264305e-04 
8.255915e-04 
8.247536e-04 
8.239169e-04 
8.230814e-04 
8.222472e-04 
8.214141e-04 
8.205822e-04 
8.197515e-04 
8.189219e-04 
8.180936e-04 
8.172664e-04 
8.164405e-04 
8.156157e-04 
8.147920e-04 
8.139696e-04 
8.131483e-04 
8.123282e-04 
8.115092e-04 
8.106914e-04 
8.098748e-04 
8.090593e-04 
8.082450e-04 
8.074319e-04 
8.066199e-04 
8.058090e-04 
8.049993e-04 
8.041908e-04 
8.033834e-04 
8.025771e-04 
8.017720e-04 
8.009680e-04 
8.001651e-04 
7.993634e-04 
7.985628e-04 
7.977634e-04 
7.969650e-04 
7.961678e-04 
7.953718e-04 
7.945768e-04 
7.937830e-04 
7.929902e-04 
7.921986e-04 
7.914081e-04 
7.906188e-04 
7.898305e-04 
7.890433e-04 
7.882572e-04 
7.874723e-04 
7.866884e-04 
7.859057e-04 
7.851240e-04 
7.843434e-04 
7.835640e-04 
7.827856e-04 
7.820083e-04 
7.812321e-04 
7.804569e-04 
7.796829e-04 
7.789099e-04 
7.781381e-04 
7.773672e-04 
7.765975e-04 
7.758289e-04 
7.750613e-04 
7.742947e-04 
7.735293e-04 
7.727649e-04 
7.720016e-04 
7.712393e-04 
7.704781e-04 
7.697180e-04 
7.689589e-04 
7.682008e-04 
7.674439e-04 
7.666879e-04 
7.659330e-04 
7.651792e-04 
7.644264e-04 
7.636746e-04 
7.629239e-04 
7.621742e-04 
7.614256e-04 
7.606780e-04 
7.599314e-04 
7.591859e-04 
7.584413e-04 
7.576978e-04 
7.569554e-04 
7.562139e-04 
7.554735e-04 
7.547341e-04 
7.539957e-04 
7.532584e-04 
7.525220e-04 
7.517867e-04 
7.510523e-04 
7.503190e-04 
7.495867e-04 
7.488554e-04 
7.481251e-04 
7.473958e-04 
7.466675e-04 
7.459402e-04 
7.452139e-04 
7.444885e-04 
7.437642e-04 
7.430409e-04 
7.423185e-04 
7.415972e-04 
7.408768e-04 
7.401574e-04 
7.394390e-04 
7.387215e-04 
7.380051e-04 
7.372896e-04 
7.365751e-04 
7.358616e-04 
7.351490e-04 
7.344374e-04 
7.337268e-04 
7.330172e-04 
7.323085e-04 
7.316007e-04 
7.308940e-04 
7.301882e-04 
7.294833e-04 
7.287794e-04 
7.280765e-04 
7.273745e-04 
7.266735e-04 
7.259734e-04 
7.252742e-04 
7.245760e-04 
7.238788e-04 
7.231825e-04 
7.224871e-04 
7.217927e-04 
7.210992e-04 
7.204066e-04 
7.197150e-04 
7.190243e-04 
7.183345e-04 
7.176457e-04 
7.169578e-04 
7.162708e-04 
7.155848e-04 
7.148996e-04 
7.142154e-04 
7.135321e-04 
7.128497e-04 
7.121683e-04 
7.114877e-04 
7.108081e-04 
7.101294e-04 
7.094516e-04 
7.087747e-04 
7.080987e-04 
7.074236e-04 
7.067494e-04 
7.060761e-04 
7.054037e-04 
7.047322e-04 
7.040616e-04 
7.033919e-04 
7.027231e-04 
7.020552e-04 
7.013882e-04 
7.007220e-04 
7.000568e-04 
6.993924e-04 
6.987289e-04 
6.980664e-04 
6.974046e-04 
6.967438e-04 
6.960838e-04 
6.954248e-04 
6.947666e-04 
6.941092e-04 
6.934528e-04 
6.927972e-04 
6.921425e-04 
6.914886e-04 
6.908356e-04 
6.901835e-04 
6.895323e-04 
6.888819e-04 
6.882323e-04 
6.875836e-04 
6.869358e-04 
6.862889e-04 
6.856427e-04 
6.849975e-04 
6.843531e-04 
6.837095e-04 
6.830668e-04 
6.824249e-04 
6.817839e-04 
6.811438e-04 
6.805044e-04 
6.798659e-04 
6.792283e-04 
6.785915e-04 
6.779555e-04 
6.773203e-04 
6.766860e-04 
6.760526e-04 
6.754199e-04 
6.747881e-04 
6.741571e-04 
6.735269e-04 
6.728976e-04 
6.722691e-04 
6.716414e-04 
6.710145e-04 
6.703885e-04 
6.697632e-04 
6.691388e-04 
6.685152e-04 
6.678924e-04 
6.672704e-04 
6.666493e-04 
6.660289e-04 
6.654094e-04 
6.647906e-04 
6.641727e-04 
6.635556e-04 
6.629392e-04 
6.623237e-04 
6.617090e-04 
6.610951e-04 
6.604819e-04 
6.598696e-04 
6.592581e-04 
6.586473e-04 
6.580374e-04 
6.574282e-04 
6.568198e-04 
6.562122e-04 
6.556054e-04 
6.549812e-04 
6.543389e-04 
6.536975e-04 
6.530569e-04 
6.524172e-04 
6.517783e-04 
6.511402e-04 
6.505030e-04 
6.498666e-04 
6.492310e-04 
6.485963e-04 
6.479624e-04 
6.473293e-04 
6.466971e-04 
6.460656e-04 
6.454351e-04 
6.448053e-04 
6.441764e-04 
6.435482e-04 
6.429209e-04 
6.422945e-04 
6.416688e-04 
6.410440e-04 
6.404199e-04 
6.397967e-04 
6.391743e-04 
6.385527e-04 
6.379319e-04 
6.373119e-04 
6.366928e-04 
6.360744e-04 
6.354568e-04 
6.348401e-04 
6.342241e-04 
6.336090e-04 
6.329946e-04 
6.323810e-04 
6.317683e-04 
6.311563e-04 
6.305451e-04 
6.299347e-04 
6.293251e-04 
6.287163e-04 
6.281083e-04 
6.275010e-04 
6.268946e-04 
6.262889e-04 
6.256840e-04 
6.250799e-04 
6.244766e-04 
6.238741e-04 
6.232723e-04 
6.226713e-04 
6.220711e-04 
6.214716e-04 
6.208730e-04 
6.202750e-04 
6.196779e-04 
6.190815e-04 
6.184859e-04 
6.178911e-04 
6.172970e-04 
6.167037e-04 
6.161112e-04 
6.155194e-04 
6.149284e-04 
6.143381e-04 
6.137486e-04 
6.131598e-04 
6.125718e-04 
6.119846e-04 
6.113981e-04 
6.108123e-04 
6.102273e-04 
6.096431e-04 
6.090596e-04 
6.084768e-04 
6.078948e-04 
6.073135e-04 
6.067330e-04 
6.061532e-04 
6.055742e-04 
6.049959e-04 
6.044183e-04 
6.038414e-04 
6.032653e-04 
6.026900e-04 
6.021153e-04 
6.015414e-04 
6.009682e-04 
6.003958e-04 
5.998241e-04 
5.992531e-04 
5.986828e-04 
5.981132e-04 
5.975444e-04 
5.969763e-04 
5.964089e-04 
5.958422e-04 
5.952763e-04 
5.947111e-04 
5.941465e-04 
5.935827e-04 
5.930196e-04 
5.924572e-04 
5.918956e-04 
5.913346e-04 
5.907744e-04 
5.902148e-04 
5.896560e-04 
5.890978e-04 
5.885404e-04 
5.879837e-04 
5.874276e-04 
5.868723e-04 
5.863177e-04 
5.857637e-04 
5.852105e-04 
5.846580e-04 
5.841061e-04 
5.835550e-04 
5.830045e-04 
5.824547e-04 
5.819057e-04 
5.813573e-04 
5.808096e-04 
5.802626e-04 
5.797162e-04 
5.791706e-04 
5.786256e-04 
5.780813e-04 
5.775377e-04 
5.769948e-04 
5.764526e-04 
5.759110e-04 
5.753701e-04 
5.748299e-04 
5.742904e-04 
5.737515e-04 
5.732133e-04 
5.726758e-04 
5.721389e-04 
5.716027e-04 
5.710672e-04 
5.705324e-04 
5.699982e-04 
5.694647e-04 
5.689318e-04 
5.683996e-04 
5.678681e-04 
5.673372e-04 
5.668070e-04 
5.662775e-04 
5.657486e-04 
5.652203e-04 
5.646927e-04 
5.641658e-04 
5.636395e-04 
5.631139e-04 
5.625889e-04 
5.620646e-04 
5.615409e-04 
5.610179e-04 
5.604955e-04 
5.599738e-04 
5.594527e-04 
5.589322e-04 
5.584124e-04 
5.578933e-04 
5.573747e-04 
5.568569e-04 
5.563396e-04 
5.558230e-04 
5.553070e-04 
5.547917e-04 
5.542770e-04 
5.537629e-04 
5.532495e-04 
5.527367e-04 
5.522245e-04 
5.517129e-04 
5.512020e-04 
5.506917e-04 
5.501821e-04 
5.496730e-04 
5.491646e-04 
5.486568e-04 
5.481496e-04 
5.476431e-04 
5.471372e-04 
5.466319e-04 
5.461272e-04 
5.456231e-04 
5.451196e-04 
5.446168e-04 
5.441146e-04 
5.436130e-04 
5.431120e-04 
5.426116e-04 
5.421118e-04 
5.416126e-04 
5.411141e-04 
5.406161e-04 
5.401188e-04 
5.396220e-04 
5.391259e-04 
5.386303e-04 
5.381354e-04 
5.376411e-04 
5.371474e-04 
5.366542e-04 
5.361617e-04 
5.356698e-04 
5.351784e-04 
5.346877e-04 
5.341976e-04 
5.337080e-04 
5.332191e-04 
5.327307e-04 
5.322429e-04 
5.317558e-04 
5.312692e-04 
5.307606e-04 
5.302272e-04 
5.296945e-04 
5.291624e-04 
5.286310e-04 
5.281003e-04 
5.275702e-04 
5.270408e-04 
5.265120e-04 
5.259839e-04 
5.254564e-04 
5.249296e-04 
5.244034e-04 
5.238779e-04 
5.233530e-04 
5.228287e-04 
5.223052e-04 
5.217822e-04 
5.212599e-04 
5.207383e-04 
5.202173e-04 
5.196969e-04 
5.191772e-04 
5.186581e-04 
5.181396e-04 
5.176218e-04 
5.171046e-04 
5.165881e-04 
5.160721e-04 
5.155569e-04 
5.150422e-04 
5.145282e-04 
5.140148e-04 
5.135020e-04 
5.129899e-04 
5.124784e-04 
5.119675e-04 
5.114573e-04 
5.109476e-04 
5.104386e-04 
5.099302e-04 
5.094225e-04 
5.089153e-04 
5.084088e-04 
5.079029e-04 
5.073976e-04 
5.068929e-04 
5.063889e-04 
5.058854e-04 
5.053826e-04 
5.048804e-04 
5.043788e-04 
5.038778e-04 
5.033774e-04 
5.028776e-04 
5.023784e-04 
5.018799e-04 
5.013819e-04 
5.008845e-04 
5.003878e-04 
4.998916e-04 
4.993961e-04 
4.989011e-04 
4.984068e-04 
4.979131e-04 
4.974199e-04 
4.969274e-04 
4.964354e-04 
4.959440e-04 
4.954533e-04 
4.949631e-04 
4.944735e-04 
4.939845e-04 
4.934961e-04 
4.930083e-04 
4.925211e-04 
4.920345e-04 
4.915484e-04 
4.910630e-04 
4.905781e-04 
4.900938e-04 
4.896101e-04 
4.891270e-04 
4.886445e-04 
4.881625e-04 
4.876811e-04 
4.872003e-04 
4.867201e-04 
4.862405e-04 
4.857614e-04 
4.852829e-04 
4.848050e-04 
4.843276e-04 
4.838509e-04 
4.833747e-04 
4.828991e-04 
4.824240e-04 
4.819495e-04 
4.814756e-04 
4.810022e-04 
4.805295e-04 
4.800572e-04 
4.795856e-04 
4.791145e-04 
4.786440e-04 
4.781740e-04 
4.777046e-04 
4.772358e-04 
4.767675e-04 
4.762998e-04 
4.758326e-04 
4.753660e-04 
4.748999e-04 
4.744345e-04 
4.739695e-04 
4.735051e-04 
4.730413e-04 
4.725780e-04 
4.721153e-04 
4.716531e-04 
4.711915e-04 
4.707304e-04 
4.702699e-04 
4.698099e-04 
4.693504e-04 
4.688916e-04 
4.684332e-04 
4.679754e-04 
4.675181e-04 
4.670614e-04 
4.666052e-04 
4.661496e-04 
4.656945e-04 
4.652400e-04 
4.647859e-04 
4.643325e-04 
4.638795e-04 
4.634271e-04 
4.629752e-04 
4.625239e-04 
4.620731e-04 
4.616228e-04 
4.611731e-04 
4.607239e-04 
4.601971e-04 
4.596670e-04 
4.591375e-04 
4.586086e-04 
4.580803e-04 
4.575528e-04 
4.570258e-04 
4.564995e-04 
4.559739e-04 
4.554488e-04 
4.549245e-04 
4.544007e-04 
4.538776e-04 
4.533551e-04 
4.528333e-04 
4.523121e-04 
4.517916e-04 
4.512716e-04 
4.507523e-04 
4.502337e-04 
4.497156e-04 
4.491982e-04 
4.486814e-04 
4.481653e-04 
4.476497e-04 
4.471348e-04 
4.466206e-04 
4.461069e-04 
4.455939e-04 
4.450815e-04 
4.445697e-04 
4.440585e-04 
4.435480e-04 
4.430380e-04 
4.425287e-04 
4.420200e-04 
4.415119e-04 
4.410044e-04 
4.404976e-04 
4.399913e-04 
4.394857e-04 
4.389807e-04 
4.384762e-04 
4.379724e-04 
4.374692e-04 
4.369666e-04 
4.364646e-04 
4.359632e-04 
4.354625e-04 
4.349623e-04 
4.344627e-04 
4.339637e-04 
4.334653e-04 
4.329676e-04 
4.324704e-04 
4.319738e-04 
4.314778e-04 
4.309824e-04 
4.304876e-04 
4.299934e-04 
4.294998e-04 
4.290068e-04 
4.285144e-04 
4.280225e-04 
4.275313e-04 
4.270406e-04 
4.265506e-04 
4.260611e-04 
4.255722e-04 
4.250839e-04 
4.245962e-04 
4.241090e-04 
4.236224e-04 
4.231365e-04 
4.226511e-04 
4.221662e-04 
4.216820e-04 
4.211983e-04 
4.207153e-04 
4.202327e-04 
4.197508e-04 
4.192694e-04 
4.187887e-04 
4.183085e-04 
4.178288e-04 
4.173497e-04 
4.168712e-04 
4.163933e-04 
4.159159e-04 
4.154392e-04 
4.149629e-04 
4.144873e-04 
4.140122e-04 
4.135376e-04 
4.130637e-04 
4.125903e-04 
4.121174e-04 
4.116452e-04 
4.111734e-04 
4.107023e-04 
4.102317e-04 
4.097616e-04 
4.092921e-04 
4.088232e-04 
4.083548e-04 
4.078870e-04 
4.074197e-04 
4.069530e-04 
4.064407e-04 
4.058309e-04 
4.052219e-04 
4.046137e-04 
4.040061e-04 
4.033994e-04 
4.027934e-04 
4.021881e-04 
4.015836e-04 
4.009798e-04 
4.003767e-04 
3.997744e-04 
3.991729e-04 
3.985721e-04 
3.979720e-04 
3.973726e-04 
3.967740e-04 
3.961762e-04 
3.955790e-04 
3.949826e-04 
3.943869e-04 
3.937920e-04 
3.931978e-04 
3.926043e-04 
3.920115e-04 
3.914195e-04 
3.908282e-04 
3.902376e-04 
3.896477e-04 
3.890586e-04 
3.884702e-04 
3.878825e-04 
3.872955e-04 
3.867092e-04 
3.861237e-04 
3.855389e-04 
3.849547e-04 
3.843713e-04 
3.837886e-04 
3.832067e-04 
3.826254e-04 
3.820448e-04 
3.814650e-04 
3.808858e-04 
3.803074e-04 
3.797296e-04 
3.791526e-04 
3.785763e-04 
3.780006e-04 
3.774257e-04 
3.768515e-04 
3.762780e-04 
3.757051e-04 
3.751330e-04 
3.745616e-04 
3.739908e-04 
3.734208e-04 
3.728514e-04 
3.721304e-04 
3.713480e-04 
3.705667e-04 
3.697863e-04 
3.690069e-04 
3.682285e-04 
3.674511e-04 
3.666747e-04 
3.658992e-04 
3.651247e-04 
3.643511e-04 
3.635786e-04 
3.628070e-04 
3.620363e-04 
3.612667e-04 
3.604980e-04 
3.597302e-04 
3.589635e-04 
3.581976e-04 
3.574311e-04 
3.564969e-04 
3.555639e-04 
3.546321e-04 
3.537014e-04 
3.527720e-04 
3.518437e-04 
3.509166e-04 
3.499907e-04 
3.490659e-04 
3.481423e-04 
3.472199e-04 
3.462530e-04 
3.452024e-04 
3.441532e-04 
3.431053e-04 
3.420588e-04 
3.410135e-04 
3.399697e-04 
3.389271e-04 
3.378859e-04 
3.368460e-04 
3.358075e-04 
3.347037e-04 
3.336006e-04 
3.324990e-04 
3.313987e-04 
3.302999e-04 
3.292025e-04 
3.281065e-04 
3.270118e-04 
3.259186e-04 
3.248268e-04 
3.237364e-04 
3.226473e-04 
3.218197e-04 
3.209957e-04 
3.201728e-04 
3.193509e-04 
3.185300e-04 
3.177102e-04 
3.168913e-04 
3.160735e-04 
3.152568e-04 
3.144410e-04 
3.136263e-04 
3.128126e-04 
3.119999e-04 
3.111882e-04 
3.103776e-04 
3.095680e-04 
3.087593e-04 
3.079517e-04 
3.071451e-04 
3.063395e-04 
3.055349e-04 
3.047313e-04 
3.043536e-04 
3.041854e-04 
3.040174e-04 
3.038496e-04 
3.036819e-04 
3.035143e-04 
3.033469e-04 
3.031797e-04 
3.030126e-04 
3.028457e-04 
3.026789e-04 
3.025123e-04 
3.023459e-04 
3.021796e-04 
3.020134e-04 
3.019885e-04 
3.023648e-04 
3.027405e-04 
3.031156e-04 
3.034902e-04 
3.038642e-04 
3.042377e-04 
3.046106e-04 
3.049829e-04 
3.053547e-04 
3.057259e-04 
3.060966e-04 
3.064667e-04 
3.068362e-04 
3.072052e-04 
3.075737e-04 
3.079415e-04 
3.083089e-04 
3.087420e-04 
3.091773e-04 
3.096119e-04 
3.100459e-04 
3.104792e-04 
3.109119e-04 
3.113440e-04 
3.117754e-04 
3.122062e-04 
3.126364e-04 
3.130659e-04 
3.134948e-04 
3.139231e-04 
3.143507e-04 
3.147778e-04 
3.152041e-04 
3.156299e-04 
3.160550e-04 
3.164795e-04 
3.169034e-04 
3.173267e-04 
3.177493e-04 
3.181713e-04 
3.185927e-04 
3.190135e-04 
3.194336e-04 
3.198532e-04 
3.202721e-04 
3.206904e-04 
3.208135e-04 
3.208760e-04 
3.209384e-04 
3.210007e-04 
3.210628e-04 
3.211247e-04 
3.211865e-04 
3.212482e-04 
3.213097e-04 
3.213710e-04 
3.214322e-04 
3.214933e-04 
3.215542e-04 
3.216149e-04 
3.216755e-04 
3.217360e-04 
3.217963e-04 
3.218565e-04 
3.219165e-04 
3.219764e-04 
3.220362e-04 
3.220958e-04 
3.221552e-04 
3.222145e-04 
3.222737e-04 
3.223327e-04 
3.223915e-04 
3.224503e-04 
3.225088e-04 
3.225673e-04 
3.226256e-04 
3.224084e-04 
3.221675e-04 
3.219268e-04 
3.216864e-04 
3.214462e-04 
3.212062e-04 
3.209665e-04 
3.207271e-04 
3.204878e-04 
3.202489e-04 
3.200101e-04 
3.197716e-04 
3.195334e-04 
3.192954e-04 
3.190576e-04 
3.188201e-04 
3.185828e-04 
3.183457e-04 
3.181089e-04 
3.178723e-04 
3.176360e-04 
3.173999e-04 
3.171640e-04 
3.169284e-04 
3.166930e-04 
3.164579e-04 
3.162318e-04 
3.160391e-04 
3.158466e-04 
3.156543e-04 
3.154622e-04 
3.152702e-04 
3.150784e-04 
3.148869e-04 
3.146955e-04 
3.145042e-04 
3.143132e-04 
3.141223e-04 
3.139316e-04 
3.137411e-04 
3.135508e-04 
3.133606e-04 
3.131707e-04 
3.129809e-04 
3.127912e-04 
3.126018e-04 
3.124126e-04 
3.122235e-04 
3.120346e-04 
3.118458e-04 
3.116573e-04 
3.114689e-04 
3.112807e-04 
3.110927e-04 
3.109049e-04 
3.107172e-04 
3.105297e-04 
3.103424e-04 
3.102718e-04 
3.104380e-04 
3.106038e-04 
3.107694e-04 
3.109347e-04 
3.110997e-04 
3.112645e-04 
3.114289e-04 
3.115932e-04 
3.117571e-04 
3.119208e-04 
3.120842e-04 
3.122473e-04 
3.124102e-04 
3.125728e-04 
3.127351e-04 
3.128972e-04 
3.130590e-04 
3.132205e-04 
3.133818e-04 
3.135428e-04 
3.137035e-04 
3.138640e-04 
3.140242e-04 
3.141841e-04 
3.143438e-04 
3.145032e-04 
3.146624e-04 
3.148658e-04 
3.151025e-04 
3.153389e-04 
3.155749e-04 
3.158105e-04 
3.160458e-04 
3.162807e-04 
3.165153e-04 
3.167495e-04 
3.169834e-04 
3.172169e-04 
3.174500e-04 
3.176828e-04 
3.179153e-04 
3.181473e-04 
3.183791e-04 
3.186104e-04 
3.188415e-04 
3.190721e-04 
3.193025e-04 
3.195324e-04 
3.197621e-04 
3.199913e-04 
3.202203e-04 
3.204488e-04 
3.206771e-04 
3.209050e-04 
3.211325e-04 
3.213597e-04 
3.215865e-04 
3.218130e-04 
3.220392e-04 
3.222650e-04 
3.224905e-04 
3.227156e-04 
3.229404e-04 
3.231648e-04 
3.233889e-04 
3.236127e-04 
3.238361e-04 
3.240592e-04 
3.242819e-04 
3.245043e-04 
3.247263e-04 
3.247527e-04 
3.247789e-04 
3.248051e-04 
3.248312e-04 
3.248571e-04 
3.248830e-04 
3.249088e-04 
3.249344e-04 
3.249600e-04 
3.249855e-04 
3.250109e-04 
3.250362e-04 
3.250614e-04 
3.250865e-04 
3.251116e-04 
3.251365e-04 
3.251613e-04 
3.251861e-04 
3.252107e-04 
3.252353e-04 
3.252598e-04 
3.252842e-04 
3.253084e-04 
3.253326e-04 
3.253567e-04 
3.253808e-04 
3.254047e-04 
3.254285e-04 
3.254522e-04 
3.254759e-04 
3.254994e-04 
3.255229e-04 
3.255463e-04 
3.255696e-04 
3.255928e-04 
3.256159e-04 
3.256389e-04 
3.256618e-04 
3.256847e-04 
3.257074e-04 
3.257301e-04 
3.257526e-04 
3.257751e-04 
3.257975e-04 
3.258198e-04 
3.258420e-04 
3.258642e-04 
3.258862e-04 
3.259082e-04 
3.259300e-04 
3.259518e-04 
3.259735e-04 
3.259951e-04 
3.259604e-04 
3.258624e-04 
3.257645e-04 
3.256666e-04 
3.255688e-04 
3.254711e-04 
3.253734e-04 
3.252757e-04 
3.251781e-04 
3.250806e-04 
3.249831e-04 
3.248857e-04 
3.247884e-04 
3.246911e-04 
3.245939e-04 
3.244967e-04 
3.243996e-04 
3.243025e-04 
3.242055e-04 
3.241086e-04 
3.240117e-04 
3.239149e-04 
3.238181e-04 
3.237214e-04 
3.236247e-04 
3.235282e-04 
3.234316e-04 
3.233351e-04 
3.232387e-04 
3.231424e-04 
3.230460e-04 
3.229498e-04 
3.228536e-04 
3.227575e-04 
3.226614e-04 
3.225654e-04 
3.224694e-04 
3.223735e-04 
3.222777e-04 
3.221819e-04 
3.220861e-04 
3.219904e-04 
3.218948e-04 
3.217993e-04 
3.217038e-04 
3.216083e-04 
3.215129e-04 
3.214176e-04 
3.213223e-04 
3.212271e-04 
3.211319e-04 
3.210368e-04 
3.209417e-04 
3.208467e-04 
3.207518e-04 
3.206569e-04 
3.205621e-04 
3.204673e-04 
3.202868e-04 
3.201064e-04 
3.199262e-04 
3.197462e-04 
3.195663e-04 
3.193866e-04 
3.192070e-04 
3.190276e-04 
3.188483e-04 
3.186693e-04 
3.184903e-04 
3.183115e-04 
3.181329e-04 
3.179544e-04 
3.177761e-04 
3.175980e-04 
3.174200e-04 
3.172421e-04 
3.170645e-04 
3.168869e-04 
3.167096e-04 
3.165323e-04 
3.163553e-04 
3.161784e-04 
3.160016e-04 
3.158250e-04 
3.156486e-04 
3.154723e-04 
3.152961e-04 
3.151202e-04 
3.149443e-04 
3.147686e-04 
3.145931e-04 
3.144177e-04 
3.142425e-04 
3.140675e-04 
3.138925e-04 
3.137178e-04 
3.135432e-04 
3.133687e-04 
3.131944e-04 
3.130203e-04 
3.128463e-04 
3.126724e-04 
3.124987e-04 
3.123630e-04 
3.123155e-04 
3.122680e-04 
3.122206e-04 
3.121731e-04 
3.121257e-04 
3.120782e-04 
3.120307e-04 
3.119833e-04 
3.119358e-04 
3.118884e-04 
3.118409e-04 
3.117935e-04 
3.117461e-04 
3.116986e-04 
3.116512e-04 
3.116037e-04 
3.115563e-04 
3.115089e-04 
3.114614e-04 
3.114140e-04 
3.113666e-04 
3.113191e-04 
3.112717e-04 
3.112243e-04 
3.111769e-04 
3.111294e-04 
3.110820e-04 
3.110346e-04 
3.109872e-04 
3.109398e-04 
3.108924e-04 
3.108450e-04 
3.108361e-04 
3.108656e-04 
3.108951e-04 
3.109245e-04 
3.109537e-04 
3.109829e-04 
3.110121e-04 
3.110411e-04 
3.110700e-04 
3.110989e-04 
3.111276e-04 
3.111563e-04 
3.111849e-04 
3.112134e-04 
3.112418e-04 
3.112701e-04 
3.112984e-04 
3.113266e-04 
3.113546e-04 
3.113826e-04 
3.114105e-04 
3.114383e-04 
3.114661e-04 
3.114937e-04 
3.115213e-04 
3.115488e-04 
3.115761e-04 
3.116035e-04 
3.116307e-04 
3.116578e-04 
3.116849e-04 
3.117118e-04 
3.117387e-04 
3.117655e-04 
3.117923e-04 
3.118189e-04 
3.118454e-04 
3.118719e-04 
3.118983e-04 
3.119246e-04 
3.119508e-04 
3.119770e-04 
3.120030e-04 
3.120290e-04 
3.120549e-04 
3.120807e-04 
3.121064e-04 
3.121321e-04 
3.121576e-04 
3.121831e-04 
3.122085e-04 
3.122338e-04 
3.122591e-04 
3.122842e-04 
3.123093e-04 
3.123343e-04 
3.123592e-04 
3.123840e-04 
3.124088e-04 
3.124335e-04 
3.124581e-04 
3.124826e-04 
3.124271e-04 
3.123700e-04 
3.123129e-04 
3.122558e-04 
3.121987e-04 
3.121416e-04 
3.120846e-04 
3.120275e-04 
3.119705e-04 
3.119135e-04 
3.118565e-04 
3.117996e-04 
3.117426e-04 
3.116856e-04 
3.116287e-04 
3.115718e-04 
3.115149e-04 
3.114580e-04 
3.114011e-04 
3.113443e-04 
3.112874e-04 
3.112306e-04 
3.111737e-04 
3.111169e-04 
3.110601e-04 
3.110034e-04 
3.109466e-04 
3.108898e-04 
3.108331e-04 
3.107764e-04 
3.107197e-04 
3.106630e-04 
3.106063e-04 
3.105496e-04 
3.104930e-04 
3.104363e-04 
3.103797e-04 
3.103231e-04 
3.102665e-04 
3.102099e-04 
3.101534e-04 
3.100968e-04 
3.100403e-04 
3.099837e-04 
3.099272e-04 
3.098707e-04 
3.098143e-04 
3.097578e-04 
3.097013e-04 
3.096449e-04 
3.095885e-04 
3.095321e-04 
3.094757e-04 
3.094193e-04 
3.093629e-04 
3.093065e-04 
3.092502e-04 
3.091939e-04 
3.091376e-04 
3.090813e-04 
3.090250e-04 
3.089687e-04 
3.089125e-04 
3.088562e-04 
3.088000e-04 
3.087438e-04 
3.086876e-04 
3.086314e-04 
3.085752e-04 
3.085191e-04 
3.084629e-04 
3.084068e-04 
3.083507e-04 
3.082946e-04 
3.082385e-04 
3.081824e-04 
3.081264e-04 
3.080703e-04 
3.080143e-04 
3.079583e-04 
3.079023e-04 
3.078463e-04 
3.077903e-04 
3.076966e-04 
3.076026e-04 
3.075087e-04 
3.074148e-04 
3.073209e-04 
3.072271e-04 
3.071334e-04 
3.070397e-04 
3.069461e-04 
3.068526e-04 
3.067591e-04 
3.066656e-04 
3.065722e-04 
3.064789e-04 
3.063856e-04 
3.062924e-04 
3.061992e-04 
3.061061e-04 
3.060131e-04 
3.059201e-04 
3.058271e-04 
3.057343e-04 
3.056414e-04 
3.055487e-04 
3.054559e-04 
3.053633e-04 
3.052707e-04 
3.051781e-04 
3.050856e-04 
3.049932e-04 
3.049008e-04 
3.048085e-04 
3.047162e-04 
3.046240e-04 
3.045319e-04 
3.044398e-04 
3.043477e-04 
3.042557e-04 
3.041638e-04 
3.040719e-04 
3.039801e-04 
3.038883e-04 
3.037966e-04 
3.037049e-04 
3.036133e-04 
3.035218e-04 
3.034303e-04 
3.033388e-04 
3.032474e-04 
3.031561e-04 
3.030648e-04 
3.029736e-04 
3.028824e-04 
3.027913e-04 
3.027003e-04 
3.026093e-04 
3.025183e-04 
3.024274e-04 
3.023366e-04 
3.022458e-04 
3.021551e-04 
3.020644e-04 
3.019738e-04 
3.018832e-04 
3.017927e-04 
3.017022e-04 
3.016118e-04 
3.015214e-04 
3.014311e-04 
3.013409e-04 
3.012507e-04 
3.011605e-04 
3.010705e-04 
3.009804e-04 
3.008904e-04 
3.008005e-04 
3.007106e-04 
3.006208e-04 
3.005311e-04 
3.004413e-04 
3.003517e-04 
3.002621e-04 
3.001725e-04 
3.000830e-04 
2.999936e-04 
2.999042e-04 
2.998148e-04 
2.997255e-04 
2.996363e-04 
2.995471e-04 
2.994580e-04 
2.993689e-04 
2.992799e-04 
2.991909e-04 
2.991020e-04 
2.990131e-04 
2.989243e-04 
2.988356e-04 
2.987468e-04 
2.986582e-04 
2.985696e-04 
2.984810e-04 
2.983925e-04 
2.983041e-04 
2.982157e-04 
2.981273e-04 
2.980390e-04 
2.979508e-04 
2.978626e-04 
2.977745e-04 
2.976864e-04 
2.975983e-04 
2.975104e-04 
2.974224e-04 
2.973346e-04 
2.972467e-04 
2.971590e-04 
2.970712e-04 
2.969836e-04 
2.968959e-04 
2.968084e-04 
2.967208e-04 
2.966334e-04 
2.965460e-04 
2.964586e-04 
2.963713e-04 
2.962840e-04 
2.961968e-04 
2.961097e-04 
2.960225e-04 
2.959355e-04 
2.958350e-04 
2.957261e-04 
2.956172e-04 
2.955084e-04 
2.953996e-04 
2.952910e-04 
2.951824e-04 
2.950739e-04 
2.949654e-04 
2.948571e-04 
2.947488e-04 
2.946405e-04 
2.945324e-04 
2.944243e-04 
2.943163e-04 
2.942084e-04 
2.941006e-04 
2.939928e-04 
2.938851e-04 
2.937774e-04 
2.936699e-04 
2.935624e-04 
2.934550e-04 
2.933477e-04 
2.932404e-04 
2.931332e-04 
2.930261e-04 
2.929190e-04 
2.928121e-04 
2.927052e-04 
2.925983e-04 
2.924916e-04 
2.923849e-04 
2.922783e-04 
2.921717e-04 
2.920653e-04 
2.919589e-04 
2.918526e-04 
2.917463e-04 
2.916401e-04 
2.915340e-04 
2.914280e-04 
2.913220e-04 
2.912161e-04 
2.911103e-04 
2.910046e-04 
2.908989e-04 
2.907933e-04 
2.906878e-04 
2.905823e-04 
2.904769e-04 
2.903716e-04 
2.902664e-04 
2.901612e-04 
2.900561e-04 
2.899510e-04 
2.898461e-04 
2.897412e-04 
2.896364e-04 
2.895316e-04 
2.894269e-04 
2.893223e-04 
2.892178e-04 
2.891133e-04 
2.890089e-04 
2.889046e-04 
2.888003e-04 
2.886961e-04 
2.885920e-04 
2.884880e-04 
2.883840e-04 
2.882801e-04 
2.881762e-04 
2.880725e-04 
2.879688e-04 
2.878651e-04 
2.877616e-04 
2.876581e-04 
2.875547e-04 
2.874513e-04 
2.873480e-04 
2.872448e-04 
2.871417e-04 
2.870386e-04 
2.869356e-04 
2.868326e-04 
2.867298e-04 
2.866270e-04 
2.865242e-04 
2.864216e-04 
2.863190e-04 
2.862164e-04 
2.861140e-04 
2.860116e-04 
2.859093e-04 
2.858070e-04 
2.857048e-04 
2.856027e-04 
2.855006e-04 
2.853987e-04 
2.852968e-04 
2.851949e-04 
2.850931e-04 
2.849914e-04 
2.848898e-04 
2.847882e-04 
2.846867e-04 
2.845852e-04 
2.844839e-04 
2.843826e-04 
2.842813e-04 
2.841802e-04 
2.840790e-04 
2.839780e-04 
2.838770e-04 
2.837761e-04 
2.836753e-04 
2.835745e-04 
2.834738e-04 
2.833732e-04 
2.832726e-04 
2.831721e-04 
2.830717e-04 
2.829713e-04 
2.828710e-04 
2.827708e-04 
2.826706e-04 
2.825705e-04 
2.824704e-04 
2.823705e-04 
2.822706e-04 
2.821707e-04 
2.820709e-04 
2.819712e-04 
2.818716e-04 
2.817720e-04 
2.816725e-04 
2.815730e-04 
2.814737e-04 
2.813744e-04 
2.812751e-04 
2.811759e-04 
2.810768e-04 
2.809777e-04 
2.808787e-04 
2.807798e-04 
2.806810e-04 
2.805804e-04 
2.804693e-04 
2.803582e-04 
2.802473e-04 
2.801364e-04 
2.800256e-04 
2.799148e-04 
2.798041e-04 
2.796936e-04 
2.795830e-04 
2.794726e-04 
2.793623e-04 
2.792520e-04 
2.791418e-04 
2.790317e-04 
2.789216e-04 
2.788116e-04 
2.787017e-04 
2.785919e-04 
2.784822e-04 
2.783725e-04 
2.782629e-04 
2.781534e-04 
2.780440e-04 
2.779346e-04 
2.778253e-04 
2.777161e-04 
2.776070e-04 
2.774979e-04 
2.773889e-04 
2.772800e-04 
2.771712e-04 
2.770624e-04 
2.769538e-04 
2.768452e-04 
2.767366e-04 
2.766282e-04 
2.765198e-04 
2.764115e-04 
2.763033e-04 
2.761951e-04 
2.760870e-04 
2.759790e-04 
2.758711e-04 
2.757632e-04 
2.756555e-04 
2.755477e-04 
2.754401e-04 
2.753326e-04 
2.752251e-04 
2.751177e-04 
2.750103e-04 
2.749031e-04 
2.747959e-04 
2.746888e-04 
2.745817e-04 
2.744748e-04 
2.743679e-04 
2.742610e-04 
2.741543e-04 
2.740476e-04 
2.739410e-04 
2.738345e-04 
2.737281e-04 
2.736217e-04 
2.735154e-04 
2.734091e-04 
2.733030e-04 
2.731969e-04 
2.730909e-04 
2.729849e-04 
2.728791e-04 
2.727733e-04 
2.726675e-04 
2.725619e-04 
2.724563e-04 
2.723508e-04 
2.722454e-04 
2.721400e-04 
2.720347e-04 
2.719295e-04 
2.718244e-04 
2.717193e-04 
2.716143e-04 
2.715094e-04 
2.714045e-04 
2.712997e-04 
2.711950e-04 
2.710904e-04 
2.709858e-04 
2.708813e-04 
2.707768e-04 
2.706725e-04 
2.705682e-04 
2.704640e-04 
2.703598e-04 
2.702558e-04 
2.701518e-04 
2.700478e-04 
2.699440e-04 
2.698402e-04 
2.697365e-04 
2.696328e-04 
2.695292e-04 
2.694257e-04 
2.693223e-04 
2.692189e-04 
2.691156e-04 
2.690124e-04 
2.689092e-04 
2.688061e-04 
2.687031e-04 
2.686002e-04 
2.684973e-04 
2.683945e-04 
2.682918e-04 
2.681891e-04 
2.680865e-04 
2.679840e-04 
2.678815e-04 
2.677791e-04 
2.676768e-04 
2.675745e-04 
2.674723e-04 
2.673702e-04 
2.672682e-04 
2.671662e-04 
2.670643e-04 
2.669625e-04 
2.668607e-04 
2.667590e-04 
2.666574e-04 
2.665558e-04 
2.664543e-04 
2.663529e-04 
2.662515e-04 
2.661502e-04 
2.660490e-04 
2.659478e-04 
2.658468e-04 
2.657457e-04 
2.656448e-04 
2.655439e-04 
2.654431e-04 
2.653423e-04 
2.652417e-04 
2.651411e-04 
2.650405e-04 
2.649400e-04 
2.648396e-04 
2.647393e-04 
2.646390e-04 
2.645388e-04 
2.644387e-04 
2.643386e-04 
2.642378e-04 
2.641297e-04 
2.640217e-04 
2.639138e-04 
2.638060e-04 
2.636983e-04 
2.635906e-04 
2.634830e-04 
2.633754e-04 
2.632680e-04 
2.631606e-04 
2.630533e-04 
2.629461e-04 
2.628389e-04 
2.627318e-04 
2.626248e-04 
2.625179e-04 
2.624110e-04 
2.623042e-04 
2.621975e-04 
2.620909e-04 
2.619843e-04 
2.618778e-04 
2.617714e-04 
2.616651e-04 
2.615588e-04 
2.614526e-04 
2.613465e-04 
2.612404e-04 
2.611344e-04 
2.610285e-04 
2.609227e-04 
2.608169e-04 
2.607113e-04 
2.606056e-04 
2.605001e-04 
2.603946e-04 
2.602892e-04 
2.601839e-04 
2.600787e-04 
2.599735e-04 
2.598684e-04 
2.597634e-04 
2.596584e-04 
2.595535e-04 
2.594487e-04 
2.593439e-04 
2.592393e-04 
2.591347e-04 
2.590301e-04 
2.589257e-04 
2.588213e-04 
2.587170e-04 
2.586127e-04 
2.585086e-04 
2.584045e-04 
2.583004e-04 
2.581965e-04 
2.580926e-04 
2.579888e-04 
2.578850e-04 
2.577814e-04 
2.576778e-04 
2.575742e-04 
2.574708e-04 
2.573674e-04 
2.572641e-04 
2.571608e-04 
2.570576e-04 
2.569545e-04 
2.568515e-04 
2.567485e-04 
2.566456e-04 
2.565428e-04 
2.564401e-04 
2.563374e-04 
2.562348e-04 
2.561322e-04 
2.560297e-04 
2.559273e-04 
2.558250e-04 
2.557227e-04 
2.556205e-04 
2.555184e-04 
2.554163e-04 
2.553143e-04 
2.552124e-04 
2.551106e-04 
2.550088e-04 
2.549071e-04 
2.548054e-04 
2.547039e-04 
2.546024e-04 
2.545009e-04 
2.543996e-04 
2.542983e-04 
2.541970e-04 
2.540959e-04 
2.539948e-04 
2.538937e-04 
2.537928e-04 
2.536919e-04 
2.535911e-04 
2.534903e-04 
2.533896e-04 
2.532890e-04 
2.531885e-04 
2.530880e-04 
2.529876e-04 
2.528873e-04 
2.527870e-04 
2.526868e-04 
2.525866e-04 
2.524866e-04 
2.523866e-04 
2.522866e-04 
2.521867e-04 
2.520869e-04 
2.519872e-04 
2.518875e-04 
2.517879e-04 
2.516884e-04 
2.515889e-04 
2.514895e-04 
2.513902e-04 
2.512909e-04 
2.511917e-04 
2.510926e-04 
2.509935e-04 
2.508945e-04 
2.507956e-04 
2.506967e-04 
2.505979e-04 
2.504992e-04 
2.504005e-04 
2.503019e-04 
2.502034e-04 
2.501049e-04 
2.500065e-04 
2.499082e-04 
2.498099e-04 
2.497117e-04 
2.496136e-04 
2.495155e-04 
2.494175e-04 
2.493196e-04 
2.492217e-04 
2.491239e-04 
2.490261e-04 
2.489284e-04 
2.488308e-04 
2.487333e-04 
2.486358e-04 
2.485384e-04 
2.484410e-04 
2.483437e-04 
2.482465e-04 
2.481493e-04 
2.480523e-04 
2.479552e-04 
2.478583e-04 
2.477614e-04 
2.476645e-04 
2.475677e-04 
2.474710e-04 
2.473744e-04 
2.472778e-04 
2.471813e-04 
2.470849e-04 
2.469885e-04 
2.468921e-04 
2.467959e-04 
2.466997e-04 
2.466036e-04 
2.465075e-04 
2.464115e-04 
2.463156e-04 
2.462162e-04 
2.461151e-04 
2.460141e-04 
2.459131e-04 
2.458122e-04 
2.457114e-04 
2.456106e-04 
2.455099e-04 
2.454092e-04 
2.453087e-04 
2.452082e-04 
2.451078e-04 
2.450074e-04 
2.449071e-04 
2.448069e-04 
2.447067e-04 
2.446066e-04 
2.445066e-04 
2.444066e-04 
2.443068e-04 
2.442069e-04 
2.441072e-04 
2.440075e-04 
2.439079e-04 
2.438083e-04 
2.437089e-04 
2.436094e-04 
2.435101e-04 
2.434108e-04 
2.433116e-04 
2.432124e-04 
2.431134e-04 
2.430143e-04 
2.429154e-04 
2.428165e-04 
2.427177e-04 
2.426190e-04 
2.425203e-04 
2.424217e-04 
2.423231e-04 
2.422246e-04 
2.421262e-04 
2.420279e-04 
2.419296e-04 
2.418314e-04 
2.417332e-04 
2.416351e-04 
2.415371e-04 
2.414392e-04 
2.413413e-04 
2.412434e-04 
2.411457e-04 
2.410480e-04 
2.409504e-04 
2.408528e-04 
2.407553e-04 
2.406579e-04 
2.405605e-04 
2.404632e-04 
2.403660e-04 
2.402688e-04 
2.401717e-04 
2.400747e-04 
2.399777e-04 
2.398808e-04 
2.397839e-04 
2.396872e-04 
2.395905e-04 
2.394938e-04 
2.393972e-04 
2.393007e-04 
2.392042e-04 
2.391078e-04 
2.390115e-04 
2.389153e-04 
2.388191e-04 
2.387229e-04 
2.386268e-04 
2.385308e-04 
2.384349e-04 
2.383390e-04 
2.382432e-04 
2.381474e-04 
2.380518e-04 
2.379561e-04 
2.378606e-04 
2.377651e-04 
2.376696e-04 
2.375743e-04 
2.374790e-04 
2.373837e-04 
2.372885e-04 
2.371934e-04 
2.370984e-04 
2.370034e-04 
2.369084e-04 
2.368136e-04 
2.367188e-04 
2.366240e-04 
2.365294e-04 
2.364347e-04 
2.363402e-04 
2.362457e-04 
2.361513e-04 
2.360569e-04 
2.359626e-04 
2.358684e-04 
2.357742e-04 
2.356801e-04 
2.355860e-04 
2.354921e-04 
2.353981e-04 
2.353043e-04 
2.352105e-04 
2.351167e-04 
2.350230e-04 
2.349294e-04 
2.348359e-04 
2.347424e-04 
2.346489e-04 
2.345556e-04 
2.344623e-04 
2.343690e-04 
2.342758e-04 
2.341827e-04 
2.340896e-04 
2.339966e-04 
2.339037e-04 
2.338108e-04 
2.337180e-04 
2.336252e-04 
2.335325e-04 
2.334399e-04 
2.333473e-04 
2.332548e-04 
2.331624e-04 
2.330700e-04 
2.329776e-04 
2.328854e-04 
2.327932e-04 
2.327010e-04 
2.326089e-04 
2.325169e-04 
2.324249e-04 
2.323330e-04 
2.322412e-04 
2.321494e-04 
2.320576e-04 
2.319660e-04 
2.318744e-04 
2.317828e-04 
2.316913e-04 
2.315999e-04 
2.315085e-04 
2.314172e-04 
2.313260e-04 
2.312348e-04 
2.311437e-04 
2.310526e-04 
2.309616e-04 
2.308706e-04 
2.307797e-04 
2.306889e-04 
2.305981e-04 
2.305074e-04 
2.304168e-04 
2.303262e-04 
2.302356e-04 
2.301452e-04 
2.300519e-04 
2.299580e-04 
2.298642e-04 
2.297705e-04 
2.296768e-04 
2.295832e-04 
2.294897e-04 
2.293962e-04 
2.293027e-04 
2.292094e-04 
2.291161e-04 
2.290228e-04 
2.289297e-04 
2.288365e-04 
2.287435e-04 
2.286505e-04 
2.285576e-04 
2.284647e-04 
2.283719e-04 
2.282791e-04 
2.281864e-04 
2.280938e-04 
2.280013e-04 
2.279087e-04 
2.278163e-04 
2.277239e-04 
2.276316e-04 
2.275393e-04 
2.274471e-04 
2.273550e-04 
2.272629e-04 
2.271709e-04 
2.270789e-04 
2.269870e-04 
2.268952e-04 
2.268034e-04 
2.267117e-04 
2.266200e-04 
2.265285e-04 
2.264369e-04 
2.263454e-04 
2.262540e-04 
2.261627e-04 
2.260714e-04 
2.259801e-04 
2.258889e-04 
2.257978e-04 
2.257068e-04 
2.256158e-04 
2.255248e-04 
2.254340e-04 
2.253431e-04 
2.252524e-04 
2.251617e-04 
2.250710e-04 
2.249804e-04 
2.248899e-04 
2.247995e-04 
2.247090e-04 
2.246187e-04 
2.245284e-04 
2.244382e-04 
2.243480e-04 
2.242579e-04 
2.241678e-04 
2.240778e-04 
2.239879e-04 
2.238980e-04 
2.238082e-04 
2.237185e-04 
2.236288e-04 
2.235391e-04 
2.234495e-04 
2.233600e-04 
2.232705e-04 
2.231811e-04 
2.230918e-04 
2.230025e-04 
2.229132e-04 
2.228241e-04 
2.227349e-04 
2.226459e-04 
2.225569e-04 
2.224679e-04 
2.223790e-04 
2.222902e-04 
2.222014e-04 
2.221127e-04 
2.220241e-04 
2.219355e-04 
2.218469e-04 
2.217584e-04 
2.216700e-04 
2.215816e-04 
2.214933e-04 
2.214050e-04 
2.213168e-04 
2.212287e-04 
2.211406e-04 
2.210526e-04 
2.209646e-04 
2.208767e-04 
2.207888e-04 
2.207010e-04 
2.206133e-04 
2.205256e-04 
2.204380e-04 
2.203504e-04 
2.202629e-04 
2.201754e-04 
2.200880e-04 
2.200006e-04 
2.199134e-04 
2.198261e-04 
2.197389e-04 
2.196518e-04 
2.195647e-04 
2.194777e-04 
2.193908e-04 
2.193039e-04 
2.192170e-04 
2.191302e-04 
2.190435e-04 
2.189568e-04 
2.188702e-04 
2.187836e-04 
2.186971e-04 
2.186107e-04 
2.185243e-04 
2.184379e-04 
2.183516e-04 
2.182654e-04 
2.181792e-04 
2.180931e-04 
2.180070e-04 
2.179210e-04 
2.178351e-04 
2.177491e-04 
2.176633e-04 
2.175775e-04 
2.174918e-04 
2.174061e-04 
2.173205e-04 
2.172349e-04 
2.171494e-04 
2.170639e-04 
2.169785e-04 
2.168931e-04 
2.168078e-04 
2.167226e-04 
2.166374e-04 
2.165523e-04 
2.164672e-04 
2.163822e-04 
2.162972e-04 
2.162123e-04 
2.161274e-04 
2.160426e-04 
2.159578e-04 
2.158731e-04 
2.157885e-04 
2.157039e-04 
2.156193e-04 
2.155349e-04 
2.154504e-04 
2.153660e-04 
2.152817e-04 
2.151974e-04 
2.151132e-04 
2.150291e-04 
2.149440e-04 
2.148577e-04 
2.147715e-04 
2.146854e-04 
2.145993e-04 
2.145132e-04 
2.144272e-04 
2.143413e-04 
2.142554e-04 
2.141696e-04 
2.140838e-04 
2.139981e-04 
2.139125e-04 
2.138269e-04 
2.137413e-04 
2.136558e-04 
2.135704e-04 
2.134850e-04 
2.133997e-04 
2.133144e-04 
2.132292e-04 
2.131440e-04 
2.130589e-04 
2.129739e-04 
2.128889e-04 
2.128039e-04 
2.127190e-04 
2.126342e-04 
2.125494e-04 
2.124647e-04 
2.123800e-04 
2.122954e-04 
2.122108e-04 
2.121263e-04 
2.120418e-04 
2.119574e-04 
2.118731e-04 
2.117888e-04 
2.117045e-04 
2.116203e-04 
2.115362e-04 
2.114521e-04 
2.113681e-04 
2.112841e-04 
2.112002e-04 
2.111163e-04 
2.110325e-04 
2.109487e-04 
2.108650e-04 
2.107813e-04 
2.106977e-04 
2.106142e-04 
2.105307e-04 
2.104472e-04 
2.103638e-04 
2.102805e-04 
2.101972e-04 
2.101140e-04 
2.100308e-04 
2.099477e-04 
2.098646e-04 
2.097816e-04 
2.096986e-04 
2.096157e-04 
2.095328e-04 
2.094500e-04 
2.093672e-04 
2.092845e-04 
2.092018e-04 
2.091192e-04 
2.090367e-04 
2.089542e-04 
2.088717e-04 
2.087893e-04 
2.087070e-04 
2.086247e-04 
2.085425e-04 
2.084603e-04 
2.083781e-04 
2.082961e-04 
2.082140e-04 
2.081320e-04 
2.080501e-04 
2.079682e-04 
2.078864e-04 
2.078046e-04 
2.077229e-04 
2.076412e-04 
2.075596e-04 
2.074780e-04 
2.073965e-04 
2.073151e-04 
2.072337e-04 
2.071523e-04 
2.070710e-04 
2.069897e-04 
2.069085e-04 
2.068273e-04 
2.067462e-04 
2.066652e-04 
2.065842e-04 
2.065032e-04 
2.064223e-04 
2.063415e-04 
2.062606e-04 
2.061799e-04 
2.060992e-04 
2.060185e-04 
2.059379e-04 
2.058574e-04 
2.057769e-04 
2.056964e-04 
2.056160e-04 
2.055357e-04 
2.054554e-04 
2.053751e-04 
2.052949e-04 
2.052148e-04 
2.051347e-04 
2.050546e-04 
2.049747e-04 
2.048947e-04 
2.048148e-04 
2.047350e-04 
2.046552e-04 
2.045754e-04 
2.044957e-04 
2.044161e-04 
2.043365e-04 
2.042569e-04 
2.041774e-04 
2.040980e-04 
2.040186e-04 
2.039392e-04 
2.038599e-04 
2.037807e-04 
2.037015e-04 
2.036223e-04 
2.035432e-04 
2.034641e-04 
2.033851e-04 
2.033062e-04 
2.032273e-04 
2.031484e-04 
2.030696e-04 
2.029908e-04 
2.029121e-04 
2.028335e-04 
2.027549e-04 
2.026763e-04 
2.025978e-04 
2.025193e-04 
2.024409e-04 
2.023625e-04 
2.022842e-04 
2.022051e-04 
2.021252e-04 
2.020453e-04 
2.019654e-04 
2.018857e-04 
2.018059e-04 
2.017262e-04 
2.016466e-04 
2.015670e-04 
2.014874e-04 
2.014079e-04 
2.013285e-04 
2.012491e-04 
2.011697e-04 
2.010904e-04 
2.010112e-04 
2.009320e-04 
2.008528e-04 
2.007737e-04 
2.006946e-04 
2.006156e-04 
2.005367e-04 
2.004578e-04 
2.003789e-04 
2.003001e-04 
2.002214e-04 
2.001426e-04 
2.000640e-04 
1.999854e-04 
1.999068e-04 
1.998283e-04 
1.997498e-04 
1.996714e-04 
1.995930e-04 
1.995147e-04 
1.994364e-04 
1.993582e-04 
1.992800e-04 
1.992019e-04 
1.991238e-04 
1.990458e-04 
1.989678e-04 
1.988899e-04 
1.988120e-04 
1.987342e-04 
1.986564e-04 
1.985786e-04 
1.985010e-04 
1.984233e-04 
1.983457e-04 
1.982682e-04 
1.981907e-04 
1.981132e-04 
1.980358e-04 
1.979585e-04 
1.978811e-04 
1.978039e-04 
1.977267e-04 
1.976495e-04 
1.975724e-04 
1.974953e-04 
1.974183e-04 
1.973413e-04 
1.972644e-04 
1.971875e-04 
1.971107e-04 
1.970339e-04 
1.969572e-04 
1.968805e-04 
1.968038e-04 
1.967272e-04 
1.966507e-04 
1.965742e-04 
1.964977e-04 
1.964213e-04 
1.963450e-04 
1.962686e-04 
1.961924e-04 
1.961162e-04 
1.960400e-04 
1.959639e-04 
1.958878e-04 
1.958118e-04 
1.957358e-04 
1.956598e-04 
1.955839e-04 
1.955081e-04 
1.954323e-04 
1.953565e-04 
1.952808e-04 
1.952052e-04 
1.951296e-04 
1.950540e-04 
1.949785e-04 
1.949030e-04 
1.948276e-04 
1.947522e-04 
1.946768e-04 
1.946016e-04 
1.945263e-04 
1.944511e-04 
1.943760e-04 
1.943009e-04 
1.942258e-04 
1.941508e-04 
1.940758e-04 
1.940009e-04 
1.939260e-04 
1.938512e-04 
1.937764e-04 
1.937017e-04 
1.936270e-04 
1.935523e-04 
1.934777e-04 
1.934031e-04 
1.933286e-04 
1.932542e-04 
1.931797e-04 
1.931054e-04 
1.930310e-04 
1.929568e-04 
1.928825e-04 
1.928083e-04 
1.927342e-04 
1.926601e-04 
1.925860e-04 
1.925120e-04 
1.924380e-04 
1.923641e-04 
1.922902e-04 
1.922164e-04 
1.921426e-04 
1.920689e-04 
1.919952e-04 
1.919215e-04 
1.918479e-04 
1.917743e-04 
1.917008e-04 
1.916273e-04 
1.915539e-04 
1.914805e-04 
1.914072e-04 
1.913339e-04 
1.912606e-04 
1.911874e-04 
1.911142e-04 
1.910411e-04 
1.909680e-04 
1.908950e-04 
1.908220e-04 
1.907491e-04 
1.906762e-04 
1.906033e-04 
1.905305e-04 
1.904577e-04 
1.903850e-04 
1.903123e-04 
1.902397e-04 
1.901671e-04 
1.900946e-04 
1.900221e-04 
1.899496e-04 
1.898772e-04 
1.898048e-04 
1.897325e-04 
1.896602e-04 
1.895880e-04 
1.895158e-04 
1.894436e-04 
1.893715e-04 
1.892994e-04 
1.892274e-04 
1.891554e-04 
1.890835e-04 
1.890116e-04 
1.889397e-04 
1.888679e-04 
1.887962e-04 
1.887244e-04 
1.886528e-04 
1.885811e-04 
1.885095e-04 
1.884380e-04 
1.883665e-04 
1.882950e-04 
1.882236e-04 
1.881522e-04 
1.880809e-04 
1.880096e-04 
1.879383e-04 
1.878671e-04 
1.877960e-04 
1.877249e-04 
1.876538e-04 
1.875823e-04 
1.875102e-04 
1.874380e-04 
1.873659e-04 
1.872939e-04 
1.872219e-04 
1.871499e-04 
1.870780e-04 
1.870061e-04 
1.869342e-04 
1.868624e-04 
1.867907e-04 
1.867190e-04 
1.866473e-04 
1.865757e-04 
1.865041e-04 
1.864326e-04 
1.863611e-04 
1.862896e-04 
1.862182e-04 
1.861469e-04 
1.860756e-04 
1.860043e-04 
1.859330e-04 
1.858619e-04 
1.857907e-04 
1.857196e-04 
1.856485e-04 
1.855775e-04 
1.855065e-04 
1.854356e-04 
1.853647e-04 
1.852939e-04 
1.852230e-04 
1.851523e-04 
1.850816e-04 
1.850109e-04 
1.849402e-04 
1.848696e-04 
1.847991e-04 
1.847286e-04 
1.846581e-04 
1.845877e-04 
1.845173e-04 
1.844469e-04 
1.843766e-04 
1.843064e-04 
1.842362e-04 
1.841660e-04 
1.840958e-04 
1.840258e-04 
1.839557e-04 
1.838857e-04 
1.838157e-04 
1.837458e-04 
1.836759e-04 
1.836061e-04 
1.835363e-04 
1.834665e-04 
1.833968e-04 
1.833271e-04 
1.832575e-04 
1.831879e-04 
1.831183e-04 
1.830488e-04 
1.829794e-04 
1.829099e-04 
1.828406e-04 
1.827712e-04 
1.827019e-04 
1.826327e-04 
1.825634e-04 
1.824943e-04 
1.824251e-04 
1.823560e-04 
1.822870e-04 
1.822179e-04 
1.821490e-04 
1.820800e-04 
1.820111e-04 
1.819423e-04 
1.818735e-04 
1.818047e-04 
1.817360e-04 
1.816673e-04 
1.815986e-04 
1.815300e-04 
1.814615e-04 
1.813929e-04 
1.813245e-04 
1.812560e-04 
1.811876e-04 
1.811193e-04 
1.810509e-04 
1.809826e-04 
1.809144e-04 
1.808462e-04 
1.807780e-04 
1.807099e-04 
1.806418e-04 
1.805738e-04 
1.805058e-04 
1.804378e-04 
1.803699e-04 
1.803020e-04 
1.802342e-04 
1.801664e-04 
1.800986e-04 
1.800309e-04 
1.799632e-04 
1.798956e-04 
1.798280e-04 
1.797604e-04 
1.796929e-04 
1.796254e-04 
1.795580e-04 
1.794906e-04 
1.794232e-04 
1.793559e-04 
1.792886e-04 
1.792214e-04 
1.791542e-04 
1.790870e-04 
1.790199e-04 
1.789528e-04 
1.788858e-04 
1.788188e-04 
1.787518e-04 
1.786849e-04 
1.786180e-04 
1.785511e-04 
1.784843e-04 
1.784175e-04 
1.783508e-04 
1.782841e-04 
1.782175e-04 
1.781509e-04 
1.780843e-04 
1.780178e-04 
1.779513e-04 
1.778848e-04 
1.778184e-04 
1.777520e-04 
1.776857e-04 
1.776194e-04 
1.775531e-04 
