   2.53386535808e+08    2.78725189389e+09    5.06773071616e+06    6.20000000000e+00 
501 
1.774100e-04 
1.709164e-04 
1.647442e-04 
1.588823e-04 
1.533059e-04 
1.479897e-04 
1.429288e-04 
1.381073e-04 
1.335128e-04 
1.291322e-04 
1.249603e-04 
1.209783e-04 
1.171733e-04 
1.135369e-04 
1.100574e-04 
1.067315e-04 
1.035499e-04 
1.005035e-04 
9.758428e-05 
9.478679e-05 
9.210647e-05 
8.953611e-05 
8.706929e-05 
8.470024e-05 
8.242448e-05 
8.023739e-05 
7.813486e-05 
7.611213e-05 
7.416522e-05 
7.229044e-05 
7.048444e-05 
6.874431e-05 
6.706637e-05 
6.544704e-05 
6.388439e-05 
6.237597e-05 
6.091900e-05 
5.951173e-05 
5.815277e-05 
5.683977e-05 
5.557049e-05 
5.434240e-05 
5.315420e-05 
5.200401e-05 
5.089024e-05 
4.981140e-05 
4.876606e-05 
4.775285e-05 
4.677048e-05 
4.581774e-05 
4.489346e-05 
4.399653e-05 
4.312589e-05 
4.228053e-05 
4.145949e-05 
4.066194e-05 
3.988693e-05 
3.913362e-05 
3.840119e-05 
3.768890e-05 
3.699601e-05 
3.632182e-05 
3.566569e-05 
3.502697e-05 
3.440505e-05 
3.379937e-05 
3.320935e-05 
3.263447e-05 
3.207423e-05 
3.152821e-05 
3.099624e-05 
3.047747e-05 
2.997147e-05 
2.947783e-05 
2.899616e-05 
2.852606e-05 
2.806717e-05 
2.761914e-05 
2.718162e-05 
2.675429e-05 
2.633685e-05 
2.592897e-05 
2.553039e-05 
2.514080e-05 
2.475996e-05 
2.438759e-05 
2.402352e-05 
2.366744e-05 
2.331911e-05 
2.297831e-05 
2.264481e-05 
2.231841e-05 
2.199892e-05 
2.168613e-05 
2.137985e-05 
2.107991e-05 
2.078614e-05 
2.049835e-05 
2.021639e-05 
1.994011e-05 
1.966934e-05 
1.940394e-05 
1.914377e-05 
1.888869e-05 
1.863885e-05 
1.839383e-05 
1.815351e-05 
1.791776e-05 
1.768646e-05 
1.745950e-05 
1.723677e-05 
1.701816e-05 
1.680356e-05 
1.659288e-05 
1.638602e-05 
1.618287e-05 
1.598336e-05 
1.578739e-05 
1.559488e-05 
1.540574e-05 
1.521989e-05 
1.503725e-05 
1.485775e-05 
1.468130e-05 
1.450796e-05 
1.433790e-05 
1.417068e-05 
1.400622e-05 
1.384446e-05 
1.368533e-05 
1.352877e-05 
1.337472e-05 
1.322311e-05 
1.307388e-05 
1.292699e-05 
1.278237e-05 
1.263997e-05 
1.249974e-05 
1.236163e-05 
1.222559e-05 
1.209157e-05 
1.195953e-05 
1.182941e-05 
1.170173e-05 
1.157608e-05 
1.145220e-05 
1.133003e-05 
1.120952e-05 
1.109063e-05 
1.097331e-05 
1.085752e-05 
1.074320e-05 
1.063032e-05 
1.051883e-05 
1.040870e-05 
1.030003e-05 
1.019347e-05 
1.008808e-05 
9.983796e-06 
9.880537e-06 
9.778236e-06 
9.676828e-06 
9.576246e-06 
9.476429e-06 
9.378685e-06 
9.282337e-06 
9.186286e-06 
9.090327e-06 
8.994265e-06 
8.897912e-06 
8.801193e-06 
8.704312e-06 
8.607416e-06 
8.510955e-06 
8.415360e-06 
8.311071e-06 
8.206089e-06 
8.098507e-06 
7.976939e-06 
7.844747e-06 
7.710003e-06 
7.593315e-06 
7.515553e-06 
7.478589e-06 
7.475633e-06 
7.480800e-06 
7.476696e-06 
7.467388e-06 
7.443298e-06 
7.415292e-06 
7.379143e-06 
7.339530e-06 
7.300318e-06 
7.259388e-06 
7.214722e-06 
7.170287e-06 
7.125894e-06 
7.081361e-06 
7.036424e-06 
6.990970e-06 
6.945211e-06 
6.899229e-06 
6.853102e-06 
6.806907e-06 
6.760718e-06 
6.715082e-06 
6.669600e-06 
6.624247e-06 
6.579049e-06 
6.534033e-06 
6.489223e-06 
6.444643e-06 
6.400507e-06 
6.356697e-06 
6.313159e-06 
6.269903e-06 
6.226938e-06 
6.184272e-06 
6.141914e-06 
6.099872e-06 
6.058249e-06 
6.016969e-06 
5.976016e-06 
5.935391e-06 
5.895095e-06 
5.855132e-06 
5.815500e-06 
5.776203e-06 
5.737244e-06 
5.698730e-06 
5.660549e-06 
5.622700e-06 
5.585179e-06 
5.547986e-06 
5.511119e-06 
5.474576e-06 
5.438355e-06 
5.402462e-06 
5.366890e-06 
5.331634e-06 
5.296690e-06 
5.262055e-06 
5.227727e-06 
5.193702e-06 
5.159979e-06 
5.126553e-06 
5.093423e-06 
5.060605e-06 
5.028078e-06 
4.995838e-06 
4.963883e-06 
4.932210e-06 
4.900816e-06 
4.869699e-06 
4.838856e-06 
4.808281e-06 
4.777969e-06 
4.747923e-06 
4.718142e-06 
4.688623e-06 
4.659363e-06 
4.630360e-06 
4.601614e-06 
4.573131e-06 
4.544897e-06 
4.516911e-06 
4.489169e-06 
4.461670e-06 
4.434411e-06 
4.407390e-06 
4.380608e-06 
4.354061e-06 
4.327745e-06 
4.301657e-06 
4.275795e-06 
4.250156e-06 
4.224738e-06 
4.199538e-06 
4.174553e-06 
4.149779e-06 
4.125217e-06 
4.100865e-06 
4.076720e-06 
4.052781e-06 
4.029044e-06 
4.005509e-06 
3.982179e-06 
3.959046e-06 
3.936109e-06 
3.913364e-06 
3.890811e-06 
3.868448e-06 
3.846273e-06 
3.824280e-06 
3.802459e-06 
3.780820e-06 
3.759362e-06 
3.738082e-06 
3.716978e-06 
3.696049e-06 
3.675291e-06 
3.654728e-06 
3.634340e-06 
3.614093e-06 
3.594001e-06 
3.574070e-06 
3.554300e-06 
3.534688e-06 
3.515232e-06 
3.495932e-06 
3.476784e-06 
3.457788e-06 
3.438946e-06 
3.420253e-06 
3.401707e-06 
3.383306e-06 
3.365051e-06 
3.346938e-06 
3.328968e-06 
3.311139e-06 
3.293450e-06 
3.275909e-06 
3.258505e-06 
3.241237e-06 
3.224103e-06 
3.207102e-06 
3.190232e-06 
3.173493e-06 
3.156883e-06 
3.140401e-06 
3.124045e-06 
3.107811e-06 
3.091699e-06 
3.075711e-06 
3.059844e-06 
3.044098e-06 
3.028471e-06 
3.012962e-06 
2.997570e-06 
2.982294e-06 
2.967132e-06 
2.952084e-06 
2.937152e-06 
2.922333e-06 
2.907624e-06 
2.893024e-06 
2.878532e-06 
2.864148e-06 
2.849869e-06 
2.835696e-06 
2.821627e-06 
2.807661e-06 
2.793796e-06 
2.780033e-06 
2.766371e-06 
2.752807e-06 
2.739342e-06 
2.725974e-06 
2.712702e-06 
2.699526e-06 
2.686444e-06 
2.673456e-06 
2.660561e-06 
2.647757e-06 
2.635045e-06 
2.622423e-06 
2.609891e-06 
2.597447e-06 
2.585091e-06 
2.572822e-06 
2.560639e-06 
2.548541e-06 
2.536528e-06 
2.524599e-06 
2.512753e-06 
2.500989e-06 
2.489306e-06 
2.477705e-06 
2.466183e-06 
2.454740e-06 
2.443377e-06 
2.432091e-06 
2.420882e-06 
2.409750e-06 
2.398693e-06 
2.387712e-06 
2.376805e-06 
2.365972e-06 
2.355212e-06 
2.344524e-06 
2.333909e-06 
2.323364e-06 
2.312890e-06 
2.302486e-06 
2.292151e-06 
2.281885e-06 
2.271688e-06 
2.261557e-06 
2.251494e-06 
2.241497e-06 
2.231566e-06 
2.221700e-06 
2.211899e-06 
2.202161e-06 
2.192488e-06 
2.182877e-06 
2.173329e-06 
2.163843e-06 
2.154418e-06 
2.145055e-06 
2.135752e-06 
2.126510e-06 
2.117327e-06 
2.108202e-06 
2.099136e-06 
2.090128e-06 
2.081178e-06 
2.072284e-06 
2.063446e-06 
2.054665e-06 
2.045939e-06 
2.037268e-06 
2.028651e-06 
2.020089e-06 
2.011580e-06 
2.003124e-06 
1.994721e-06 
1.986371e-06 
1.978072e-06 
1.969825e-06 
1.961629e-06 
1.953484e-06 
1.945388e-06 
1.937343e-06 
1.929347e-06 
1.921400e-06 
1.913502e-06 
1.905652e-06 
1.897849e-06 
1.890094e-06 
1.882387e-06 
1.874726e-06 
1.867111e-06 
1.859542e-06 
1.852019e-06 
1.844541e-06 
1.837108e-06 
1.829719e-06 
1.822375e-06 
1.815074e-06 
1.807817e-06 
1.800603e-06 
1.793433e-06 
1.786306e-06 
1.779221e-06 
1.772178e-06 
1.765176e-06 
1.758215e-06 
1.751295e-06 
1.744416e-06 
1.737577e-06 
1.730778e-06 
1.724018e-06 
1.717298e-06 
1.710617e-06 
1.703974e-06 
1.697370e-06 
1.690803e-06 
1.684275e-06 
1.677784e-06 
1.671330e-06 
1.664913e-06 
1.658533e-06 
1.652189e-06 
1.645882e-06 
1.639610e-06 
1.633374e-06 
1.627173e-06 
1.621007e-06 
1.614875e-06 
1.608779e-06 
1.602716e-06 
1.596688e-06 
1.590693e-06 
1.584732e-06 
1.578804e-06 
1.572909e-06 
1.567047e-06 
1.561217e-06 
1.555420e-06 
1.549654e-06 
1.543921e-06 
1.538219e-06 
1.532548e-06 
1.526909e-06 
1.521300e-06 
1.515722e-06 
1.510175e-06 
1.504657e-06 
1.499170e-06 
1.493713e-06 
3.223066e-05 
3.001253e-05 
2.798602e-05 
2.613134e-05 
2.443107e-05 
2.286984e-05 
2.143404e-05 
2.011162e-05 
1.889185e-05 
1.776520e-05 
1.672314e-05 
1.574348e-05 
1.483590e-05 
1.399405e-05 
1.321222e-05 
1.248531e-05 
1.180868e-05 
1.117818e-05 
1.059003e-05 
1.004083e-05 
9.527484e-06 
9.047189e-06 
8.597393e-06 
8.175774e-06 
7.780212e-06 
7.408777e-06 
7.059703e-06 
6.731373e-06 
6.422308e-06 
6.131150e-06 
5.856653e-06 
5.594453e-06 
5.347038e-06 
5.113407e-06 
4.892640e-06 
4.683887e-06 
4.486362e-06 
4.299340e-06 
4.122152e-06 
3.954175e-06 
3.794835e-06 
3.643598e-06 
3.499969e-06 
3.363488e-06 
3.233728e-06 
3.110290e-06 
2.992804e-06 
2.880926e-06 
2.774332e-06 
2.672724e-06 
2.575820e-06 
2.482230e-06 
2.392930e-06 
2.307683e-06 
2.226268e-06 
2.148479e-06 
2.074121e-06 
2.003012e-06 
1.934981e-06 
1.869869e-06 
1.807524e-06 
1.747805e-06 
1.690580e-06 
1.635722e-06 
1.583114e-06 
1.532646e-06 
1.484211e-06 
1.437712e-06 
1.393055e-06 
1.350153e-06 
1.308922e-06 
1.269284e-06 
1.231165e-06 
1.194495e-06 
1.159208e-06 
1.125240e-06 
1.092532e-06 
1.061028e-06 
1.030675e-06 
1.001421e-06 
9.732193e-07 
9.460235e-07 
9.197907e-07 
8.944796e-07 
8.700512e-07 
8.464684e-07 
8.236958e-07 
8.016999e-07 
7.804487e-07 
7.599119e-07 
7.400603e-07 
7.208664e-07 
7.023040e-07 
6.843479e-07 
6.669742e-07 
6.501602e-07 
6.338840e-07 
6.181249e-07 
6.028630e-07 
5.880795e-07 
5.737561e-07 
5.597329e-07 
5.461439e-07 
5.329730e-07 
5.202048e-07 
5.078243e-07 
4.958173e-07 
4.841704e-07 
4.728704e-07 
4.619049e-07 
4.512620e-07 
4.409302e-07 
4.308985e-07 
4.211565e-07 
4.116941e-07 
4.025015e-07 
3.935695e-07 
3.848892e-07 
3.764520e-07 
3.682497e-07 
3.602745e-07 
3.525187e-07 
3.449750e-07 
3.376365e-07 
3.304964e-07 
3.235482e-07 
3.167858e-07 
3.102031e-07 
3.037943e-07 
2.975539e-07 
2.914766e-07 
2.855573e-07 
2.797909e-07 
2.741727e-07 
2.686981e-07 
2.633626e-07 
2.581621e-07 
2.530923e-07 
2.481493e-07 
2.433293e-07 
2.386286e-07 
2.340436e-07 
2.295708e-07 
2.252070e-07 
2.209490e-07 
2.167936e-07 
2.127379e-07 
2.087789e-07 
2.049139e-07 
2.011402e-07 
1.974552e-07 
1.938318e-07 
1.902932e-07 
1.868369e-07 
1.834607e-07 
1.801623e-07 
1.769396e-07 
1.737904e-07 
1.707127e-07 
1.677046e-07 
1.647641e-07 
1.618895e-07 
1.590789e-07 
1.563306e-07 
1.536429e-07 
1.510143e-07 
1.484432e-07 
1.459279e-07 
1.434672e-07 
1.410595e-07 
1.387034e-07 
1.363977e-07 
1.341409e-07 
1.319320e-07 
1.297696e-07 
1.276525e-07 
1.255796e-07 
1.235498e-07 
1.215620e-07 
1.196152e-07 
1.177082e-07 
1.158402e-07 
1.140102e-07 
6.676921e-07 
6.576670e-07 
6.478343e-07 
6.381893e-07 
6.287276e-07 
6.194449e-07 
6.103369e-07 
6.013994e-07 
5.926285e-07 
5.840204e-07 
5.755712e-07 
5.672773e-07 
5.591351e-07 
5.511412e-07 
5.432922e-07 
5.355848e-07 
5.280159e-07 
5.205822e-07 
5.132809e-07 
5.061090e-07 
4.990636e-07 
4.921420e-07 
4.853414e-07 
4.786593e-07 
4.720930e-07 
4.656400e-07 
4.592980e-07 
4.530646e-07 
4.469374e-07 
4.409142e-07 
4.349928e-07 
4.291711e-07 
4.234469e-07 
4.178184e-07 
4.122834e-07 
4.068401e-07 
4.014866e-07 
3.962211e-07 
3.910417e-07 
3.859467e-07 
3.809344e-07 
3.760032e-07 
3.711515e-07 
3.663776e-07 
3.616800e-07 
3.570572e-07 
3.525078e-07 
3.480303e-07 
3.436232e-07 
3.392853e-07 
3.350152e-07 
3.308116e-07 
3.266733e-07 
3.225989e-07 
3.185872e-07 
3.146372e-07 
3.107475e-07 
3.069171e-07 
3.031449e-07 
2.994298e-07 
2.957706e-07 
2.921665e-07 
2.886163e-07 
2.851192e-07 
2.816740e-07 
2.782799e-07 
2.749359e-07 
2.716412e-07 
2.683940e-07 
2.651942e-07 
2.620413e-07 
2.589343e-07 
2.558724e-07 
2.528550e-07 
2.498813e-07 
2.469505e-07 
2.440619e-07 
2.412148e-07 
2.384086e-07 
2.356425e-07 
2.329159e-07 
2.302281e-07 
2.275785e-07 
2.249664e-07 
2.223913e-07 
2.198525e-07 
2.173495e-07 
2.148816e-07 
2.124483e-07 
2.100490e-07 
2.076831e-07 
2.053502e-07 
2.030496e-07 
2.007809e-07 
1.985436e-07 
1.963371e-07 
1.941610e-07 
1.920147e-07 
1.898978e-07 
1.878098e-07 
1.857502e-07 
1.837187e-07 
1.817147e-07 
1.797379e-07 
1.777877e-07 
1.758638e-07 
1.739658e-07 
1.720932e-07 
1.702457e-07 
1.684228e-07 
1.666242e-07 
1.648495e-07 
1.630984e-07 
1.613704e-07 
1.596652e-07 
1.579824e-07 
1.563218e-07 
1.546829e-07 
1.530655e-07 
1.514691e-07 
1.498936e-07 
1.483385e-07 
1.468036e-07 
1.452885e-07 
1.437929e-07 
1.423166e-07 
1.408593e-07 
1.394206e-07 
1.380004e-07 
1.365982e-07 
1.352139e-07 
1.338472e-07 
1.324978e-07 
1.311654e-07 
1.298499e-07 
1.285509e-07 
1.272682e-07 
1.260016e-07 
1.247508e-07 
1.235156e-07 
1.222958e-07 
1.210912e-07 
1.199015e-07 
1.187264e-07 
1.175659e-07 
1.164197e-07 
1.152875e-07 
1.141692e-07 
1.130646e-07 
1.119734e-07 
1.108955e-07 
1.098307e-07 
1.087789e-07 
1.077397e-07 
1.067131e-07 
1.056988e-07 
1.046967e-07 
1.037067e-07 
1.027284e-07 
1.017619e-07 
1.008068e-07 
9.986312e-08 
9.893060e-08 
9.800912e-08 
9.709851e-08 
9.619863e-08 
9.530932e-08 
9.443044e-08 
9.356219e-08 
9.270406e-08 
9.185592e-08 
9.101763e-08 
9.018903e-08 
8.937001e-08 
8.856042e-08 
8.776013e-08 
8.696902e-08 
8.618694e-08 
8.541379e-08 
8.464942e-08 
8.389373e-08 
8.314659e-08 
8.240788e-08 
8.167749e-08 
8.095530e-08 
8.024121e-08 
7.953509e-08 
7.883685e-08 
7.814637e-08 
7.746356e-08 
7.678830e-08 
7.612050e-08 
7.546005e-08 
7.480686e-08 
7.416082e-08 
7.352185e-08 
7.288985e-08 
7.226473e-08 
7.164640e-08 
7.103476e-08 
7.042973e-08 
6.983122e-08 
6.923914e-08 
6.865342e-08 
6.807397e-08 
6.750070e-08 
6.693354e-08 
6.637241e-08 
6.581723e-08 
6.526792e-08 
6.472441e-08 
6.418662e-08 
6.365449e-08 
6.312792e-08 
6.260687e-08 
6.209125e-08 
6.158100e-08 
6.107605e-08 
6.057634e-08 
6.008178e-08 
5.959234e-08 
5.910792e-08 
5.862849e-08 
5.815397e-08 
5.768429e-08 
5.721941e-08 
5.675926e-08 
5.630379e-08 
5.585293e-08 
5.540663e-08 
5.496483e-08 
5.452748e-08 
5.409452e-08 
5.366591e-08 
5.324158e-08 
5.282148e-08 
5.240557e-08 
5.199379e-08 
5.158609e-08 
5.118243e-08 
5.078275e-08 
5.038701e-08 
4.999516e-08 
4.960716e-08 
4.922295e-08 
4.884249e-08 
4.846575e-08 
4.809267e-08 
4.772321e-08 
4.735733e-08 
4.699498e-08 
4.663614e-08 
4.628074e-08 
4.592876e-08 
4.558015e-08 
4.523488e-08 
4.489291e-08 
4.455419e-08 
4.421869e-08 
4.388638e-08 
4.355721e-08 
4.323116e-08 
4.290817e-08 
4.258823e-08 
4.227129e-08 
4.195733e-08 
4.164630e-08 
4.133817e-08 
4.103284e-08 
4.073034e-08 
4.043066e-08 
4.013375e-08 
3.983958e-08 
3.954813e-08 
3.925937e-08 
3.897327e-08 
3.868979e-08 
3.840891e-08 
3.813059e-08 
3.785482e-08 
3.758157e-08 
3.731079e-08 
3.704248e-08 
3.677660e-08 
3.651313e-08 
3.625203e-08 
3.599329e-08 
3.573688e-08 
3.548276e-08 
3.523093e-08 
3.498135e-08 
3.473401e-08 
3.448886e-08 
3.424590e-08 
3.400510e-08 
3.376643e-08 
3.352988e-08 
3.329542e-08 
3.306303e-08 
3.283268e-08 
3.260436e-08 
3.237804e-08 
3.215370e-08 
3.193133e-08 
3.171090e-08 
3.149239e-08 
3.127578e-08 
3.106105e-08 
3.084818e-08 
3.063715e-08 
3.042795e-08 
3.022055e-08 
3.001493e-08 
2.981109e-08 
2.960899e-08 
2.940862e-08 
2.920996e-08 
2.901300e-08 
