   5.06773071616e+06    1.01354614323e+08    5.06773071616e+04    6.20500000000e+00 
1901 
1.579809e-01 
1.537923e-01 
1.499089e-01 
1.462006e-01 
1.426065e-01 
1.391222e-01 
1.357433e-01 
1.324659e-01 
1.292860e-01 
1.263476e-01 
1.234943e-01 
1.207228e-01 
1.180302e-01 
1.154135e-01 
1.128701e-01 
1.103973e-01 
1.079926e-01 
1.056537e-01 
1.034657e-01 
1.014185e-01 
9.942496e-02 
9.748318e-02 
9.559144e-02 
9.374809e-02 
9.195152e-02 
9.020022e-02 
8.849270e-02 
8.682757e-02 
8.520347e-02 
8.361910e-02 
8.207321e-02 
8.056460e-02 
7.909211e-02 
7.765463e-02 
7.625108e-02 
7.488045e-02 
7.354174e-02 
7.228764e-02 
7.110671e-02 
6.995216e-02 
6.882322e-02 
6.771916e-02 
6.663926e-02 
6.558285e-02 
6.454924e-02 
6.353782e-02 
6.254795e-02 
6.157904e-02 
6.063053e-02 
5.970184e-02 
5.879245e-02 
5.790183e-02 
5.702948e-02 
5.617491e-02 
5.533766e-02 
5.451727e-02 
5.371330e-02 
5.292533e-02 
5.215294e-02 
5.139573e-02 
5.065332e-02 
4.992533e-02 
4.921140e-02 
4.851117e-02 
4.782432e-02 
4.715050e-02 
4.649010e-02 
4.585826e-02 
4.523813e-02 
4.462942e-02 
4.403186e-02 
4.344518e-02 
4.286913e-02 
4.230346e-02 
4.174793e-02 
4.120229e-02 
4.066632e-02 
4.013980e-02 
3.962251e-02 
3.911425e-02 
3.861480e-02 
3.812397e-02 
3.764157e-02 
3.716740e-02 
3.670129e-02 
3.624306e-02 
3.579254e-02 
3.534956e-02 
3.491395e-02 
3.448555e-02 
3.406422e-02 
3.364980e-02 
3.324214e-02 
3.284110e-02 
3.244654e-02 
3.205832e-02 
3.167632e-02 
3.130041e-02 
3.091643e-02 
3.053414e-02 
3.015793e-02 
2.978768e-02 
2.942326e-02 
2.906456e-02 
2.871146e-02 
2.836385e-02 
2.802162e-02 
2.768467e-02 
2.735288e-02 
2.702616e-02 
2.670441e-02 
2.638753e-02 
2.607542e-02 
2.576800e-02 
2.546518e-02 
2.516686e-02 
2.487296e-02 
2.458339e-02 
2.429809e-02 
2.401695e-02 
2.373991e-02 
2.346689e-02 
2.319781e-02 
2.293261e-02 
2.267121e-02 
2.241354e-02 
2.215953e-02 
2.190911e-02 
2.166223e-02 
2.141882e-02 
2.117881e-02 
2.094214e-02 
2.070876e-02 
2.047861e-02 
2.025162e-02 
2.002775e-02 
1.980694e-02 
1.958913e-02 
1.937428e-02 
1.916233e-02 
1.895323e-02 
1.870971e-02 
1.846956e-02 
1.823272e-02 
1.799913e-02 
1.776874e-02 
1.754150e-02 
1.731734e-02 
1.709622e-02 
1.687809e-02 
1.666290e-02 
1.645059e-02 
1.624112e-02 
1.603444e-02 
1.583051e-02 
1.562927e-02 
1.543070e-02 
1.523473e-02 
1.504133e-02 
1.485046e-02 
1.466207e-02 
1.447613e-02 
1.429260e-02 
1.411143e-02 
1.393259e-02 
1.375605e-02 
1.355598e-02 
1.335851e-02 
1.316361e-02 
1.297123e-02 
1.278134e-02 
1.259389e-02 
1.240884e-02 
1.222617e-02 
1.204582e-02 
1.186778e-02 
1.169199e-02 
1.151842e-02 
1.134705e-02 
1.117783e-02 
1.101073e-02 
1.084573e-02 
1.065079e-02 
1.045693e-02 
1.026554e-02 
1.007657e-02 
9.889989e-03 
9.705759e-03 
9.523844e-03 
9.344210e-03 
9.166823e-03 
8.991650e-03 
8.818657e-03 
8.647812e-03 
8.479084e-03 
8.312441e-03 
8.105793e-03 
7.899583e-03 
7.695954e-03 
7.494867e-03 
7.296286e-03 
7.100175e-03 
6.906496e-03 
6.715215e-03 
6.526298e-03 
6.339710e-03 
6.155417e-03 
5.926281e-03 
5.678762e-03 
5.434317e-03 
5.192904e-03 
4.954478e-03 
4.711428e-03 
4.468155e-03 
4.227880e-03 
3.990562e-03 
3.775383e-03 
3.594270e-03 
3.415357e-03 
3.238613e-03 
3.052685e-03 
2.843123e-03 
2.636100e-03 
2.412017e-03 
2.154531e-03 
1.900164e-03 
1.612399e-03 
1.309605e-03 
1.000181e-03 
6.706316e-04 
3.450525e-04 
8.636852e-06 
-3.420681e-04 
-7.068162e-04 
-1.067978e-03 
-1.429558e-03 
-1.790492e-03 
-2.147123e-03 
-2.491216e-03 
-2.806489e-03 
-3.118015e-03 
-3.417403e-03 
-3.655558e-03 
-3.890882e-03 
-4.052057e-03 
-4.183437e-03 
-4.313233e-03 
-4.441465e-03 
-4.465157e-03 
-4.462902e-03 
-4.450959e-03 
-4.390213e-03 
-4.330084e-03 
-4.225358e-03 
-4.076795e-03 
-3.929836e-03 
-3.784461e-03 
-3.580357e-03 
-3.371585e-03 
-3.165081e-03 
-2.960817e-03 
-2.716477e-03 
-2.474788e-03 
-2.235717e-03 
-1.999233e-03 
-1.741556e-03 
-1.485703e-03 
-1.232608e-03 
-9.822396e-04 
-7.311705e-04 
-4.765314e-04 
-2.246235e-04 
2.458627e-05 
2.710405e-04 
5.148238e-04 
7.560063e-04 
9.946192e-04 
1.230693e-03 
1.464258e-03 
1.682146e-03 
1.897723e-03 
2.111017e-03 
2.322054e-03 
2.530861e-03 
2.737464e-03 
2.941890e-03 
3.115290e-03 
3.286861e-03 
3.456625e-03 
3.624601e-03 
3.790811e-03 
3.955276e-03 
4.118015e-03 
4.279049e-03 
4.421439e-03 
4.541712e-03 
4.660716e-03 
4.778464e-03 
4.894971e-03 
5.010252e-03 
5.124321e-03 
5.237190e-03 
5.348875e-03 
5.459388e-03 
5.568743e-03 
5.676952e-03 
5.752897e-03 
5.828029e-03 
5.902355e-03 
5.975886e-03 
6.048630e-03 
6.120597e-03 
6.191794e-03 
6.262231e-03 
6.331915e-03 
6.400856e-03 
6.469062e-03 
6.536541e-03 
6.603301e-03 
6.669350e-03 
6.714494e-03 
6.754988e-03 
6.795022e-03 
6.834603e-03 
6.873736e-03 
6.912425e-03 
6.950675e-03 
6.988492e-03 
7.025880e-03 
7.062843e-03 
7.099387e-03 
7.135517e-03 
7.171236e-03 
7.206549e-03 
7.241461e-03 
7.275977e-03 
7.310100e-03 
7.343834e-03 
7.377185e-03 
7.410156e-03 
7.442752e-03 
7.474975e-03 
7.506832e-03 
7.538325e-03 
7.569458e-03 
7.585562e-03 
7.595125e-03 
7.604527e-03 
7.613769e-03 
7.622853e-03 
7.631782e-03 
7.640556e-03 
7.649178e-03 
7.657650e-03 
7.665973e-03 
7.674149e-03 
7.682180e-03 
7.690066e-03 
7.697811e-03 
7.705415e-03 
7.712881e-03 
7.720209e-03 
7.727402e-03 
7.734460e-03 
7.741386e-03 
7.748181e-03 
7.754847e-03 
7.761384e-03 
7.767795e-03 
7.774080e-03 
7.780242e-03 
7.786044e-03 
7.773799e-03 
7.761588e-03 
7.749411e-03 
7.737267e-03 
7.725157e-03 
7.713080e-03 
7.701037e-03 
7.689027e-03 
7.660050e-03 
7.622372e-03 
7.584939e-03 
7.547751e-03 
7.510805e-03 
7.474099e-03 
7.437632e-03 
7.401401e-03 
7.365404e-03 
7.327104e-03 
7.287931e-03 
7.249016e-03 
7.210357e-03 
7.171952e-03 
7.133798e-03 
7.095894e-03 
7.073064e-03 
7.107628e-03 
7.141858e-03 
7.175758e-03 
7.209329e-03 
7.242575e-03 
7.275499e-03 
7.308104e-03 
7.327879e-03 
7.342423e-03 
7.356795e-03 
7.370996e-03 
7.385028e-03 
7.398894e-03 
7.412594e-03 
7.426130e-03 
7.439504e-03 
7.439486e-03 
7.439411e-03 
7.439282e-03 
7.439097e-03 
7.438858e-03 
7.438566e-03 
7.438220e-03 
7.437822e-03 
7.437373e-03 
7.436872e-03 
7.436321e-03 
7.444430e-03 
7.457096e-03 
7.469612e-03 
7.481980e-03 
7.494200e-03 
7.506275e-03 
7.518205e-03 
7.529992e-03 
7.541638e-03 
7.553143e-03 
7.564509e-03 
7.575737e-03 
7.586829e-03 
7.597786e-03 
7.608609e-03 
7.619300e-03 
7.629859e-03 
7.640289e-03 
7.650589e-03 
7.660762e-03 
7.670808e-03 
7.680729e-03 
7.690526e-03 
7.700200e-03 
7.709753e-03 
7.719184e-03 
7.728497e-03 
7.737690e-03 
7.746767e-03 
7.755727e-03 
7.764572e-03 
7.773304e-03 
7.780457e-03 
7.773767e-03 
7.767076e-03 
7.760382e-03 
7.753687e-03 
7.746990e-03 
7.740291e-03 
7.733591e-03 
7.726890e-03 
7.720188e-03 
7.713485e-03 
7.706781e-03 
7.700077e-03 
7.693372e-03 
7.686666e-03 
7.679961e-03 
7.673255e-03 
7.666549e-03 
7.659844e-03 
7.653138e-03 
7.646433e-03 
7.639728e-03 
7.633024e-03 
7.626321e-03 
7.619619e-03 
7.612917e-03 
7.606216e-03 
7.599517e-03 
7.592819e-03 
7.586122e-03 
7.579427e-03 
7.572733e-03 
7.566041e-03 
7.559350e-03 
7.552662e-03 
7.545975e-03 
7.539290e-03 
7.532608e-03 
7.525928e-03 
7.519250e-03 
7.512574e-03 
7.495721e-03 
7.477133e-03 
7.458628e-03 
7.440205e-03 
7.421862e-03 
7.403601e-03 
7.385419e-03 
7.367318e-03 
7.349295e-03 
7.331352e-03 
7.313486e-03 
7.295699e-03 
7.277988e-03 
7.260355e-03 
7.242798e-03 
7.225316e-03 
7.220259e-03 
7.216564e-03 
7.212855e-03 
7.209132e-03 
7.205395e-03 
7.201644e-03 
7.197881e-03 
7.194103e-03 
7.190313e-03 
7.186510e-03 
7.182695e-03 
7.178867e-03 
7.175026e-03 
7.170602e-03 
7.164231e-03 
7.157863e-03 
7.151500e-03 
7.145141e-03 
7.138786e-03 
7.132436e-03 
7.126090e-03 
7.119749e-03 
7.113412e-03 
7.107080e-03 
7.100752e-03 
7.094430e-03 
7.088112e-03 
7.081799e-03 
7.075490e-03 
7.069187e-03 
7.062889e-03 
7.056595e-03 
7.050307e-03 
7.044024e-03 
7.037745e-03 
7.031472e-03 
7.025205e-03 
7.018942e-03 
7.012685e-03 
7.006433e-03 
7.000187e-03 
6.993946e-03 
6.987710e-03 
6.981238e-03 
6.969532e-03 
6.957866e-03 
6.946238e-03 
6.934648e-03 
6.923097e-03 
6.911584e-03 
6.900109e-03 
6.888672e-03 
6.877272e-03 
6.865909e-03 
6.854584e-03 
6.843295e-03 
6.832044e-03 
6.820829e-03 
6.809650e-03 
6.798508e-03 
6.787402e-03 
6.776332e-03 
6.765297e-03 
6.754299e-03 
6.743335e-03 
6.732407e-03 
6.721514e-03 
6.710656e-03 
6.699832e-03 
6.689044e-03 
6.678289e-03 
6.667569e-03 
6.656883e-03 
6.646231e-03 
6.635612e-03 
6.625027e-03 
6.614476e-03 
6.603958e-03 
6.593473e-03 
6.583021e-03 
6.572602e-03 
6.562216e-03 
6.551862e-03 
6.541540e-03 
6.531251e-03 
6.520994e-03 
6.510768e-03 
6.500575e-03 
6.490413e-03 
6.480282e-03 
6.470183e-03 
6.460115e-03 
6.450078e-03 
6.440072e-03 
6.430097e-03 
6.420153e-03 
6.410239e-03 
6.400355e-03 
6.390501e-03 
6.380678e-03 
6.370884e-03 
6.361120e-03 
6.351386e-03 
6.341682e-03 
6.332007e-03 
6.322361e-03 
6.312744e-03 
6.303156e-03 
6.293597e-03 
6.282226e-03 
6.270050e-03 
6.257918e-03 
6.245828e-03 
6.233781e-03 
6.221777e-03 
6.209815e-03 
6.197895e-03 
6.186017e-03 
6.174181e-03 
6.162387e-03 
6.150633e-03 
6.138921e-03 
6.127250e-03 
6.115620e-03 
6.104030e-03 
6.092481e-03 
6.080971e-03 
6.069502e-03 
6.058072e-03 
6.046682e-03 
6.035331e-03 
6.024019e-03 
6.012746e-03 
6.001512e-03 
5.990317e-03 
5.979159e-03 
5.968041e-03 
5.956960e-03 
5.945916e-03 
5.934911e-03 
5.923943e-03 
5.913012e-03 
5.902118e-03 
5.891262e-03 
5.880442e-03 
5.869658e-03 
5.858911e-03 
5.848200e-03 
5.837525e-03 
5.826886e-03 
5.816283e-03 
5.805715e-03 
5.795182e-03 
5.784685e-03 
5.774223e-03 
5.763795e-03 
5.753403e-03 
5.743044e-03 
5.732720e-03 
5.722431e-03 
5.712175e-03 
5.701953e-03 
5.691765e-03 
5.681610e-03 
5.671489e-03 
5.661401e-03 
5.651346e-03 
5.641324e-03 
5.631335e-03 
5.621378e-03 
5.611454e-03 
5.601562e-03 
5.591703e-03 
5.581875e-03 
5.572079e-03 
5.562315e-03 
5.552582e-03 
5.542881e-03 
5.533211e-03 
5.523573e-03 
5.513965e-03 
5.504388e-03 
5.494842e-03 
5.485326e-03 
5.475841e-03 
5.466386e-03 
5.456832e-03 
5.445933e-03 
5.435072e-03 
5.424248e-03 
5.413461e-03 
5.402711e-03 
5.391998e-03 
5.381321e-03 
5.370681e-03 
5.360076e-03 
5.349508e-03 
5.338975e-03 
5.328478e-03 
5.318017e-03 
5.307591e-03 
5.297200e-03 
5.286844e-03 
5.276522e-03 
5.266236e-03 
5.255984e-03 
5.245766e-03 
5.235583e-03 
5.225433e-03 
5.215318e-03 
5.205236e-03 
5.195187e-03 
5.185172e-03 
5.175191e-03 
5.165242e-03 
5.155326e-03 
5.145443e-03 
5.135593e-03 
5.125775e-03 
5.115990e-03 
5.106236e-03 
5.096515e-03 
5.086826e-03 
5.077168e-03 
5.067542e-03 
5.057948e-03 
5.048384e-03 
5.038852e-03 
5.029351e-03 
5.019881e-03 
5.010442e-03 
5.001033e-03 
4.991655e-03 
4.982307e-03 
4.972989e-03 
4.963702e-03 
4.954444e-03 
4.945216e-03 
4.936018e-03 
4.926849e-03 
4.917710e-03 
4.908599e-03 
4.899519e-03 
4.890467e-03 
4.881444e-03 
4.872449e-03 
4.863484e-03 
4.854547e-03 
4.845638e-03 
4.836757e-03 
4.827905e-03 
4.819081e-03 
4.810284e-03 
4.801515e-03 
4.792774e-03 
4.784061e-03 
4.775374e-03 
4.766715e-03 
4.758084e-03 
4.749479e-03 
4.740901e-03 
4.732350e-03 
4.723826e-03 
4.715328e-03 
4.706856e-03 
4.698412e-03 
4.689993e-03 
4.681600e-03 
4.673233e-03 
4.664893e-03 
4.656578e-03 
4.648288e-03 
4.640025e-03 
4.631786e-03 
4.623573e-03 
4.615385e-03 
4.607223e-03 
4.599085e-03 
4.590972e-03 
4.582884e-03 
4.574821e-03 
4.566783e-03 
4.558768e-03 
4.550779e-03 
4.542330e-03 
4.533591e-03 
4.524880e-03 
4.516197e-03 
4.507541e-03 
4.498912e-03 
4.490310e-03 
4.481735e-03 
4.473188e-03 
4.464667e-03 
4.456172e-03 
4.447705e-03 
4.439263e-03 
4.430848e-03 
4.422460e-03 
4.414097e-03 
4.405761e-03 
4.397450e-03 
4.389165e-03 
4.380906e-03 
4.372672e-03 
4.364464e-03 
4.356281e-03 
4.348124e-03 
4.339991e-03 
4.331884e-03 
4.323801e-03 
4.315744e-03 
4.307711e-03 
4.299702e-03 
4.291719e-03 
4.283759e-03 
4.275824e-03 
4.267913e-03 
4.260026e-03 
4.252164e-03 
4.244325e-03 
4.236510e-03 
4.228718e-03 
4.220950e-03 
4.213206e-03 
4.205485e-03 
4.197788e-03 
4.190114e-03 
4.182462e-03 
4.174834e-03 
4.167229e-03 
4.159647e-03 
4.152087e-03 
4.144550e-03 
4.137036e-03 
4.129544e-03 
4.122074e-03 
4.114627e-03 
4.107202e-03 
4.099799e-03 
4.092418e-03 
4.085059e-03 
4.077721e-03 
4.070406e-03 
4.063112e-03 
4.055840e-03 
4.048589e-03 
4.041359e-03 
4.034151e-03 
4.026964e-03 
4.019799e-03 
4.012654e-03 
4.005530e-03 
3.998428e-03 
3.991345e-03 
3.984284e-03 
3.977243e-03 
3.970223e-03 
3.963224e-03 
3.956244e-03 
3.949285e-03 
3.942347e-03 
3.935428e-03 
3.928529e-03 
3.921651e-03 
3.914792e-03 
3.907953e-03 
3.901134e-03 
3.894335e-03 
3.887555e-03 
3.880795e-03 
3.874054e-03 
3.867332e-03 
3.860630e-03 
3.853947e-03 
3.847283e-03 
3.840638e-03 
3.834013e-03 
3.827406e-03 
3.820817e-03 
3.814248e-03 
3.807697e-03 
3.801165e-03 
3.794652e-03 
3.788157e-03 
3.781680e-03 
3.775222e-03 
3.768782e-03 
3.761896e-03 
3.755029e-03 
3.748183e-03 
3.741357e-03 
3.734550e-03 
3.727763e-03 
3.720995e-03 
3.714247e-03 
3.707518e-03 
3.700809e-03 
3.694119e-03 
3.687448e-03 
3.680797e-03 
3.674164e-03 
3.667550e-03 
3.660956e-03 
3.654380e-03 
3.647823e-03 
3.641284e-03 
3.634764e-03 
3.628263e-03 
3.621780e-03 
3.615316e-03 
3.608870e-03 
3.602442e-03 
3.596032e-03 
3.589641e-03 
3.583267e-03 
3.576912e-03 
3.570574e-03 
3.564254e-03 
3.557952e-03 
3.551668e-03 
3.545402e-03 
3.539153e-03 
3.532921e-03 
3.526707e-03 
3.520510e-03 
3.514331e-03 
3.508169e-03 
3.502024e-03 
3.495896e-03 
3.489785e-03 
3.483692e-03 
3.477615e-03 
3.471555e-03 
3.465511e-03 
3.459485e-03 
3.453475e-03 
3.447482e-03 
3.441505e-03 
3.435545e-03 
3.429601e-03 
3.423674e-03 
3.417763e-03 
3.411868e-03 
3.405989e-03 
3.400127e-03 
3.394280e-03 
3.388450e-03 
3.382635e-03 
3.376837e-03 
3.371054e-03 
3.365287e-03 
3.359535e-03 
3.353800e-03 
3.348079e-03 
3.342375e-03 
3.336686e-03 
3.331012e-03 
3.325354e-03 
3.319711e-03 
3.314083e-03 
3.308470e-03 
3.302873e-03 
3.297290e-03 
3.291723e-03 
3.286171e-03 
3.280633e-03 
3.275111e-03 
3.269603e-03 
3.264110e-03 
3.258631e-03 
3.253168e-03 
3.247719e-03 
3.242284e-03 
3.236864e-03 
3.231459e-03 
3.226067e-03 
3.220691e-03 
3.215328e-03 
3.209980e-03 
3.204645e-03 
3.199325e-03 
3.194019e-03 
3.188727e-03 
3.183449e-03 
3.178185e-03 
3.172935e-03 
3.167699e-03 
3.162476e-03 
3.157268e-03 
3.152073e-03 
3.146891e-03 
3.141723e-03 
3.136569e-03 
3.131428e-03 
3.126300e-03 
3.121186e-03 
3.116086e-03 
3.110998e-03 
3.105924e-03 
3.100863e-03 
3.095815e-03 
3.090781e-03 
3.085759e-03 
3.080751e-03 
3.075755e-03 
3.070772e-03 
3.065802e-03 
3.060845e-03 
3.055901e-03 
3.050970e-03 
3.046051e-03 
3.041145e-03 
3.036252e-03 
3.031371e-03 
3.026502e-03 
3.021647e-03 
3.016803e-03 
3.011972e-03 
3.007153e-03 
3.002347e-03 
2.997553e-03 
2.992771e-03 
2.988001e-03 
2.983150e-03 
2.978137e-03 
2.973138e-03 
2.968151e-03 
2.963177e-03 
2.958216e-03 
2.953268e-03 
2.948332e-03 
2.943410e-03 
2.938500e-03 
2.933602e-03 
2.928718e-03 
2.923845e-03 
2.918986e-03 
2.914138e-03 
2.909304e-03 
2.904481e-03 
2.899671e-03 
2.894873e-03 
2.890088e-03 
2.885314e-03 
2.880553e-03 
2.875804e-03 
2.871067e-03 
2.866342e-03 
2.861630e-03 
2.856929e-03 
2.852240e-03 
2.847562e-03 
2.842897e-03 
2.838244e-03 
2.833602e-03 
2.828972e-03 
2.824354e-03 
2.819747e-03 
2.815152e-03 
2.810569e-03 
2.805997e-03 
2.801436e-03 
2.796887e-03 
2.792349e-03 
2.787823e-03 
2.783308e-03 
2.778805e-03 
2.774312e-03 
2.769831e-03 
2.765361e-03 
2.760902e-03 
2.756454e-03 
2.752018e-03 
2.747592e-03 
2.743178e-03 
2.738774e-03 
2.734381e-03 
2.729999e-03 
2.725628e-03 
2.721268e-03 
2.716919e-03 
2.712580e-03 
2.708252e-03 
2.703935e-03 
2.699628e-03 
2.695332e-03 
2.691046e-03 
2.686771e-03 
2.682507e-03 
2.678253e-03 
2.674009e-03 
2.669776e-03 
2.665553e-03 
2.661341e-03 
2.657138e-03 
2.652946e-03 
2.648765e-03 
2.644593e-03 
2.640432e-03 
2.636280e-03 
2.632139e-03 
2.628008e-03 
2.623887e-03 
2.619776e-03 
2.615675e-03 
2.611583e-03 
2.607502e-03 
2.603430e-03 
2.599369e-03 
2.595317e-03 
2.591275e-03 
2.587242e-03 
2.583220e-03 
2.579207e-03 
2.575203e-03 
2.571210e-03 
2.567226e-03 
2.563251e-03 
2.559286e-03 
2.555330e-03 
2.551384e-03 
2.547447e-03 
2.543520e-03 
2.539602e-03 
2.535693e-03 
2.531794e-03 
2.527904e-03 
2.524023e-03 
2.520152e-03 
2.516289e-03 
2.512436e-03 
2.508592e-03 
2.504757e-03 
2.500931e-03 
2.497114e-03 
2.493306e-03 
2.489507e-03 
2.485717e-03 
2.481936e-03 
2.478164e-03 
2.474401e-03 
2.470646e-03 
2.466901e-03 
2.463164e-03 
2.459436e-03 
2.455716e-03 
2.452006e-03 
2.448304e-03 
2.444611e-03 
2.440926e-03 
2.437250e-03 
2.433582e-03 
2.429923e-03 
2.426273e-03 
2.422631e-03 
2.418997e-03 
2.415372e-03 
2.411756e-03 
2.408147e-03 
2.404547e-03 
2.400956e-03 
2.397373e-03 
2.393798e-03 
2.390231e-03 
2.386672e-03 
2.383122e-03 
2.379580e-03 
2.376046e-03 
2.372520e-03 
2.369002e-03 
2.365493e-03 
2.361991e-03 
2.358497e-03 
2.355012e-03 
2.351534e-03 
2.348064e-03 
2.344603e-03 
2.341149e-03 
2.337703e-03 
2.334265e-03 
2.330834e-03 
2.327412e-03 
2.323997e-03 
2.320590e-03 
2.317191e-03 
2.313800e-03 
2.310416e-03 
2.307040e-03 
2.303671e-03 
2.300310e-03 
2.296957e-03 
2.293612e-03 
2.290273e-03 
2.286943e-03 
2.283620e-03 
2.280304e-03 
2.276996e-03 
2.273695e-03 
2.270370e-03 
2.266956e-03 
2.263550e-03 
2.260151e-03 
2.256761e-03 
2.253377e-03 
2.250002e-03 
2.246634e-03 
2.243274e-03 
2.239922e-03 
2.236577e-03 
2.233240e-03 
2.229910e-03 
2.226587e-03 
2.223272e-03 
2.219965e-03 
2.216665e-03 
2.213373e-03 
2.210087e-03 
2.206810e-03 
2.203539e-03 
2.200276e-03 
2.197020e-03 
2.193772e-03 
2.190530e-03 
2.187296e-03 
2.184070e-03 
2.180850e-03 
2.177638e-03 
2.174432e-03 
2.171234e-03 
2.168043e-03 
2.164859e-03 
2.161682e-03 
2.158512e-03 
2.155350e-03 
2.152194e-03 
2.149045e-03 
2.145903e-03 
2.142768e-03 
2.139640e-03 
2.136519e-03 
2.133405e-03 
2.130298e-03 
2.127197e-03 
2.124103e-03 
2.121016e-03 
2.117936e-03 
2.114863e-03 
2.111796e-03 
2.108737e-03 
2.105683e-03 
2.102637e-03 
2.099597e-03 
2.096564e-03 
2.093537e-03 
2.090517e-03 
2.087504e-03 
2.084497e-03 
2.081497e-03 
2.078503e-03 
2.075516e-03 
2.072535e-03 
2.069561e-03 
2.066593e-03 
2.063632e-03 
2.060677e-03 
2.057729e-03 
2.054787e-03 
2.051851e-03 
2.048921e-03 
2.045998e-03 
2.043081e-03 
2.040171e-03 
2.037267e-03 
2.034369e-03 
2.031477e-03 
2.028591e-03 
2.025712e-03 
2.022839e-03 
2.019972e-03 
2.017111e-03 
2.014256e-03 
2.011407e-03 
2.008565e-03 
2.005728e-03 
2.002898e-03 
2.000074e-03 
1.997255e-03 
1.994443e-03 
1.991637e-03 
1.988836e-03 
1.986042e-03 
1.983253e-03 
1.980471e-03 
1.977694e-03 
1.974923e-03 
1.972158e-03 
1.969399e-03 
1.966646e-03 
1.963899e-03 
1.961157e-03 
1.958421e-03 
1.955691e-03 
1.952967e-03 
1.950248e-03 
1.947536e-03 
1.944828e-03 
1.942127e-03 
1.939431e-03 
1.936741e-03 
1.934057e-03 
1.931378e-03 
1.928705e-03 
1.926037e-03 
1.923375e-03 
1.920719e-03 
1.918068e-03 
1.915422e-03 
1.912783e-03 
1.910148e-03 
1.907519e-03 
1.904896e-03 
1.902278e-03 
1.899666e-03 
1.897059e-03 
1.894457e-03 
1.891861e-03 
1.889270e-03 
1.886684e-03 
1.884104e-03 
1.881529e-03 
1.878960e-03 
1.876396e-03 
1.873837e-03 
1.871283e-03 
1.868735e-03 
1.866192e-03 
1.863654e-03 
1.861121e-03 
1.858594e-03 
1.856071e-03 
1.853554e-03 
1.851043e-03 
1.848536e-03 
1.846034e-03 
1.843538e-03 
1.841046e-03 
1.838560e-03 
1.836079e-03 
1.833603e-03 
1.831132e-03 
1.828665e-03 
1.826204e-03 
1.823748e-03 
1.821297e-03 
1.818851e-03 
1.816410e-03 
1.813974e-03 
1.811543e-03 
1.809117e-03 
1.806695e-03 
1.804279e-03 
1.801868e-03 
1.799461e-03 
1.797059e-03 
1.794662e-03 
1.792270e-03 
1.789883e-03 
1.787500e-03 
1.785123e-03 
1.782750e-03 
1.780382e-03 
1.778018e-03 
1.775660e-03 
1.773306e-03 
1.770957e-03 
1.768612e-03 
1.766273e-03 
1.763937e-03 
1.761607e-03 
1.759281e-03 
1.756960e-03 
1.754644e-03 
1.752332e-03 
1.750025e-03 
1.747722e-03 
1.745424e-03 
1.743131e-03 
1.740842e-03 
1.738557e-03 
1.736278e-03 
1.734002e-03 
1.731732e-03 
1.729465e-03 
1.727203e-03 
1.724946e-03 
1.722693e-03 
1.720445e-03 
1.718201e-03 
1.715961e-03 
1.713726e-03 
1.711496e-03 
1.709269e-03 
1.707047e-03 
1.704830e-03 
1.702617e-03 
1.700408e-03 
1.698203e-03 
1.696003e-03 
1.693807e-03 
1.691616e-03 
1.689428e-03 
1.687245e-03 
1.685067e-03 
1.682892e-03 
1.680722e-03 
1.678556e-03 
1.676394e-03 
1.674237e-03 
1.672083e-03 
1.669934e-03 
1.667789e-03 
1.665648e-03 
1.663512e-03 
1.661379e-03 
1.659251e-03 
1.657127e-03 
1.655007e-03 
1.652891e-03 
1.650775e-03 
1.648600e-03 
1.646430e-03 
1.644265e-03 
1.642103e-03 
1.639946e-03 
1.637792e-03 
1.635643e-03 
1.633499e-03 
1.631358e-03 
1.629222e-03 
1.627089e-03 
1.624961e-03 
1.622837e-03 
1.620717e-03 
1.618601e-03 
1.616490e-03 
1.614382e-03 
1.612278e-03 
1.610179e-03 
1.608083e-03 
1.605992e-03 
1.603905e-03 
1.601821e-03 
1.599742e-03 
1.597667e-03 
1.595595e-03 
1.593528e-03 
1.591465e-03 
1.589405e-03 
1.587350e-03 
1.585298e-03 
1.583250e-03 
1.581207e-03 
1.579167e-03 
1.577131e-03 
1.575099e-03 
1.573071e-03 
1.571047e-03 
1.569026e-03 
1.567010e-03 
1.564997e-03 
1.562988e-03 
1.560983e-03 
1.558982e-03 
1.556985e-03 
1.554991e-03 
1.553001e-03 
1.551015e-03 
1.549033e-03 
1.547054e-03 
1.545079e-03 
1.543108e-03 
1.541141e-03 
1.539177e-03 
1.537217e-03 
1.535261e-03 
1.533309e-03 
1.531360e-03 
1.529415e-03 
1.527473e-03 
1.525535e-03 
1.523601e-03 
1.521671e-03 
1.519744e-03 
1.517820e-03 
1.515901e-03 
1.513984e-03 
1.512072e-03 
1.510163e-03 
1.508258e-03 
1.506356e-03 
1.504457e-03 
1.502563e-03 
1.500671e-03 
1.498784e-03 
1.496900e-03 
1.495019e-03 
1.493142e-03 
1.491268e-03 
1.489398e-03 
1.487531e-03 
1.485668e-03 
1.483808e-03 
1.481952e-03 
1.480099e-03 
1.478250e-03 
1.476404e-03 
1.474561e-03 
1.472722e-03 
1.470886e-03 
1.469054e-03 
1.467225e-03 
1.465399e-03 
1.463577e-03 
1.461758e-03 
1.459942e-03 
1.458130e-03 
1.456321e-03 
1.454516e-03 
1.452714e-03 
1.450915e-03 
1.449119e-03 
1.447327e-03 
1.445538e-03 
1.443752e-03 
1.441969e-03 
1.440190e-03 
1.438414e-03 
1.436641e-03 
1.434872e-03 
1.433105e-03 
1.431342e-03 
1.429582e-03 
1.427826e-03 
1.426072e-03 
1.424322e-03 
1.422575e-03 
1.420831e-03 
1.419090e-03 
1.417353e-03 
1.415618e-03 
1.413887e-03 
1.412159e-03 
1.410434e-03 
1.408712e-03 
1.406993e-03 
1.405278e-03 
1.403565e-03 
1.401856e-03 
1.400149e-03 
1.398446e-03 
1.396746e-03 
1.395048e-03 
1.393354e-03 
1.391663e-03 
1.389975e-03 
1.388290e-03 
1.386608e-03 
1.384929e-03 
1.383253e-03 
1.381580e-03 
1.379910e-03 
1.378243e-03 
1.376579e-03 
1.374918e-03 
1.373260e-03 
1.371605e-03 
1.369953e-03 
1.368304e-03 
1.366658e-03 
1.365014e-03 
1.363374e-03 
1.361736e-03 
1.360102e-03 
1.358470e-03 
1.356841e-03 
1.355216e-03 
1.353593e-03 
1.351973e-03 
1.350355e-03 
1.348741e-03 
1.347130e-03 
1.345521e-03 
1.343915e-03 
1.342312e-03 
1.340712e-03 
1.339115e-03 
1.337520e-03 
1.335929e-03 
1.334340e-03 
1.332754e-03 
1.331170e-03 
1.329590e-03 
1.328012e-03 
1.326437e-03 
1.324865e-03 
1.323296e-03 
1.321729e-03 
1.320165e-03 
1.318604e-03 
1.317046e-03 
1.315490e-03 
1.313937e-03 
1.312387e-03 
1.310839e-03 
1.309294e-03 
1.307752e-03 
1.306212e-03 
1.304676e-03 
1.303142e-03 
1.301610e-03 
1.300081e-03 
1.298555e-03 
1.297032e-03 
1.295511e-03 
1.293993e-03 
1.292477e-03 
1.290964e-03 
1.289454e-03 
1.287946e-03 
1.286441e-03 
1.284939e-03 
1.283439e-03 
1.281942e-03 
1.280447e-03 
1.278955e-03 
1.277465e-03 
1.275978e-03 
1.274494e-03 
1.273012e-03 
1.271533e-03 
1.270056e-03 
1.268582e-03 
1.267110e-03 
1.265641e-03 
1.264174e-03 
1.262710e-03 
1.261249e-03 
1.259790e-03 
1.258333e-03 
1.256879e-03 
1.255427e-03 
1.253978e-03 
1.252531e-03 
1.251087e-03 
1.249645e-03 
1.248206e-03 
1.246769e-03 
1.245335e-03 
1.243903e-03 
1.242474e-03 
1.241047e-03 
1.239622e-03 
1.238200e-03 
1.236780e-03 
1.235363e-03 
1.233948e-03 
1.232535e-03 
1.231125e-03 
1.229717e-03 
1.228312e-03 
1.226909e-03 
1.225508e-03 
1.224110e-03 
1.222714e-03 
1.221320e-03 
1.219929e-03 
1.218540e-03 
1.217154e-03 
1.215769e-03 
1.214387e-03 
1.213008e-03 
1.211631e-03 
1.210256e-03 
1.208883e-03 
1.207513e-03 
1.206145e-03 
1.204779e-03 
1.203416e-03 
1.202055e-03 
1.200696e-03 
1.199339e-03 
1.197977e-03 
1.196590e-03 
1.195205e-03 
1.193823e-03 
1.192443e-03 
1.191065e-03 
1.189690e-03 
1.188316e-03 
1.186945e-03 
1.185577e-03 
1.184211e-03 
1.182847e-03 
1.181485e-03 
1.180125e-03 
1.178768e-03 
1.177413e-03 
1.176061e-03 
1.174710e-03 
1.173362e-03 
1.172016e-03 
1.170673e-03 
1.169331e-03 
1.167992e-03 
1.166655e-03 
1.165321e-03 
1.163988e-03 
1.162658e-03 
1.161330e-03 
1.160004e-03 
1.158680e-03 
1.157359e-03 
1.156040e-03 
1.154723e-03 
1.153408e-03 
1.152095e-03 
1.150784e-03 
1.149476e-03 
1.148170e-03 
1.146866e-03 
1.145564e-03 
1.144264e-03 
1.142966e-03 
1.141671e-03 
1.140378e-03 
1.139086e-03 
1.137797e-03 
1.136510e-03 
1.135226e-03 
1.133943e-03 
1.132662e-03 
1.131384e-03 
1.130107e-03 
1.128833e-03 
1.127561e-03 
1.126290e-03 
1.125022e-03 
1.123756e-03 
1.122492e-03 
1.121230e-03 
1.119971e-03 
1.118713e-03 
1.117457e-03 
1.116203e-03 
1.114952e-03 
1.113702e-03 
1.112455e-03 
1.111209e-03 
1.109966e-03 
1.108724e-03 
1.107485e-03 
1.106247e-03 
1.105012e-03 
1.103778e-03 
1.102547e-03 
1.101318e-03 
1.100090e-03 
1.098865e-03 
1.097641e-03 
1.096420e-03 
1.095200e-03 
1.093983e-03 
1.092767e-03 
1.091553e-03 
1.090342e-03 
1.089132e-03 
1.087924e-03 
1.086718e-03 
1.085515e-03 
1.084313e-03 
1.083113e-03 
1.081915e-03 
1.080718e-03 
1.079524e-03 
1.078332e-03 
1.077141e-03 
1.075953e-03 
1.074766e-03 
1.073582e-03 
1.072399e-03 
1.071218e-03 
1.070039e-03 
1.068862e-03 
1.067687e-03 
1.066513e-03 
1.065342e-03 
1.064172e-03 
1.063004e-03 
1.061838e-03 
1.060674e-03 
1.059512e-03 
1.058352e-03 
1.057193e-03 
1.056037e-03 
1.054882e-03 
1.053729e-03 
1.052578e-03 
1.051428e-03 
1.050281e-03 
1.049135e-03 
1.047991e-03 
1.046849e-03 
1.045709e-03 
1.044570e-03 
1.043434e-03 
1.042299e-03 
1.041166e-03 
1.040034e-03 
1.038905e-03 
1.037777e-03 
1.036651e-03 
1.035527e-03 
1.034404e-03 
1.033284e-03 
1.032165e-03 
1.031048e-03 
1.029932e-03 
1.028819e-03 
1.027707e-03 
1.026597e-03 
1.025488e-03 
1.024382e-03 
1.023277e-03 
1.022173e-03 
1.021072e-03 
1.019972e-03 
1.018874e-03 
1.017778e-03 
1.016683e-03 
1.015590e-03 
1.014499e-03 
1.013410e-03 
1.012322e-03 
1.011236e-03 
1.010151e-03 
1.009069e-03 
1.007988e-03 
1.006908e-03 
1.005830e-03 
1.004754e-03 
1.003680e-03 
1.002607e-03 
1.001536e-03 
1.000467e-03 
9.993993e-04 
9.983332e-04 
9.972688e-04 
9.962061e-04 
9.951449e-04 
9.940855e-04 
9.930276e-04 
9.919714e-04 
9.909168e-04 
9.898639e-04 
9.888125e-04 
9.877628e-04 
9.867147e-04 
9.856682e-04 
9.846233e-04 
9.835801e-04 
9.825384e-04 
9.814983e-04 
9.804598e-04 
9.794230e-04 
9.783877e-04 
9.773540e-04 
9.763218e-04 
9.752913e-04 
9.742623e-04 
9.732349e-04 
9.722091e-04 
9.711849e-04 
9.701622e-04 
9.691410e-04 
9.681215e-04 
9.671034e-04 
9.660870e-04 
1.069560e-02 
1.062866e-02 
1.056279e-02 
1.049797e-02 
1.043417e-02 
1.037136e-02 
1.030952e-02 
1.024862e-02 
1.018865e-02 
1.012957e-02 
1.007137e-02 
1.001403e-02 
9.957527e-03 
9.901840e-03 
9.846950e-03 
9.792840e-03 
9.739493e-03 
9.686890e-03 
9.635016e-03 
9.583854e-03 
9.533388e-03 
9.483604e-03 
9.434487e-03 
9.386022e-03 
9.338195e-03 
9.290994e-03 
9.244404e-03 
9.198413e-03 
9.153009e-03 
9.108180e-03 
9.063914e-03 
9.020201e-03 
8.977028e-03 
8.934386e-03 
8.892263e-03 
8.850650e-03 
8.809537e-03 
8.768914e-03 
8.728772e-03 
8.689102e-03 
8.649894e-03 
8.611141e-03 
8.572834e-03 
8.534964e-03 
8.497523e-03 
8.460504e-03 
8.423900e-03 
8.387702e-03 
8.351904e-03 
8.316498e-03 
8.281477e-03 
8.221409e-03 
8.162151e-03 
8.103705e-03 
8.046053e-03 
7.989182e-03 
7.933073e-03 
7.877714e-03 
7.823089e-03 
7.769184e-03 
7.715985e-03 
7.663478e-03 
7.611650e-03 
7.560488e-03 
7.509980e-03 
7.460114e-03 
7.410877e-03 
7.362258e-03 
7.314245e-03 
7.266827e-03 
7.219994e-03 
7.173735e-03 
7.128039e-03 
7.082896e-03 
7.038298e-03 
6.994233e-03 
6.950935e-03 
6.908148e-03 
6.865864e-03 
6.824072e-03 
6.782766e-03 
6.741937e-03 
6.701577e-03 
6.661677e-03 
6.622231e-03 
6.583229e-03 
6.544666e-03 
6.506534e-03 
6.468826e-03 
6.431534e-03 
6.394653e-03 
6.358175e-03 
6.322094e-03 
6.286403e-03 
6.251097e-03 
6.216169e-03 
6.181614e-03 
6.147425e-03 
6.113596e-03 
6.080123e-03 
6.047000e-03 
5.994340e-03 
5.942387e-03 
5.891137e-03 
5.840578e-03 
5.790698e-03 
5.741483e-03 
5.692921e-03 
5.645002e-03 
5.597713e-03 
5.551043e-03 
5.504981e-03 
5.459517e-03 
5.414639e-03 
5.370339e-03 
5.326604e-03 
5.283427e-03 
5.240797e-03 
5.198704e-03 
5.157140e-03 
5.116095e-03 
5.075561e-03 
5.035529e-03 
4.995991e-03 
4.956938e-03 
4.918363e-03 
4.880256e-03 
4.842612e-03 
4.805421e-03 
4.768677e-03 
4.732373e-03 
4.696500e-03 
4.661053e-03 
4.626024e-03 
4.591407e-03 
4.557195e-03 
4.523382e-03 
4.489960e-03 
4.456926e-03 
4.424271e-03 
4.391990e-03 
4.360078e-03 
4.328528e-03 
4.297336e-03 
4.266495e-03 
4.236000e-03 
4.205846e-03 
4.176028e-03 
4.146541e-03 
4.117379e-03 
4.088538e-03 
4.060004e-03 
4.031781e-03 
4.003865e-03 
3.976251e-03 
3.948935e-03 
3.921913e-03 
3.895179e-03 
3.868731e-03 
3.842564e-03 
3.816674e-03 
3.791056e-03 
3.765708e-03 
3.740625e-03 
3.715803e-03 
3.691239e-03 
3.666928e-03 
3.642869e-03 
3.619056e-03 
3.595487e-03 
3.572158e-03 
3.549066e-03 
3.526207e-03 
3.503579e-03 
3.481178e-03 
3.459001e-03 
3.437045e-03 
3.415307e-03 
3.393784e-03 
3.372474e-03 
3.351373e-03 
3.330478e-03 
3.309787e-03 
3.289298e-03 
3.269007e-03 
3.248912e-03 
3.229010e-03 
3.209299e-03 
3.189776e-03 
3.170439e-03 
3.151286e-03 
3.132314e-03 
3.113520e-03 
3.094903e-03 
3.076460e-03 
3.058189e-03 
3.040088e-03 
3.022155e-03 
3.004387e-03 
2.986783e-03 
2.969415e-03 
3.054018e-03 
3.140745e-03 
3.229642e-03 
3.320756e-03 
3.414135e-03 
3.509827e-03 
3.607882e-03 
4.238782e-03 
4.356518e-03 
4.477134e-03 
4.600690e-03 
5.010517e-03 
5.147885e-03 
5.288568e-03 
5.432637e-03 
5.580160e-03 
5.731209e-03 
5.885858e-03 
6.044179e-03 
6.206249e-03 
6.372145e-03 
6.541943e-03 
6.715723e-03 
6.893567e-03 
7.075555e-03 
7.261771e-03 
7.452301e-03 
7.647229e-03 
7.846645e-03 
8.050637e-03 
8.259295e-03 
8.472712e-03 
8.690982e-03 
8.914200e-03 
9.142463e-03 
9.375868e-03 
9.614517e-03 
9.858511e-03 
1.010795e-02 
1.036295e-02 
1.062360e-02 
1.089003e-02 
1.116233e-02 
1.144062e-02 
1.172502e-02 
1.201563e-02 
1.231259e-02 
1.261600e-02 
1.292599e-02 
1.324232e-02 
1.323942e-02 
1.323652e-02 
1.323363e-02 
1.323075e-02 
1.322788e-02 
1.322502e-02 
1.322217e-02 
1.321932e-02 
1.321649e-02 
1.321366e-02 
1.321084e-02 
1.320803e-02 
1.320523e-02 
1.320243e-02 
1.319965e-02 
1.319687e-02 
1.319410e-02 
1.319134e-02 
1.318859e-02 
1.318584e-02 
1.318311e-02 
1.318038e-02 
1.317766e-02 
1.317494e-02 
1.317224e-02 
1.316954e-02 
1.316685e-02 
1.316417e-02 
1.316150e-02 
1.315883e-02 
1.315617e-02 
1.315352e-02 
1.315088e-02 
1.314824e-02 
1.314561e-02 
1.314299e-02 
1.314037e-02 
1.313777e-02 
1.313517e-02 
1.313257e-02 
1.312999e-02 
1.312741e-02 
1.312484e-02 
1.312228e-02 
1.311972e-02 
1.311717e-02 
1.311462e-02 
1.311209e-02 
1.310956e-02 
1.310690e-02 
1.302703e-02 
1.294785e-02 
1.286935e-02 
1.279151e-02 
1.271434e-02 
1.263782e-02 
1.256195e-02 
1.248672e-02 
1.241212e-02 
1.233814e-02 
1.226479e-02 
1.219205e-02 
1.211992e-02 
1.204838e-02 
1.197744e-02 
1.190709e-02 
1.183731e-02 
1.176812e-02 
1.169949e-02 
1.163142e-02 
1.156391e-02 
1.149695e-02 
1.143053e-02 
1.136465e-02 
1.129931e-02 
1.123450e-02 
1.117020e-02 
1.110643e-02 
1.104317e-02 
1.098041e-02 
1.091815e-02 
1.085639e-02 
1.079512e-02 
1.073434e-02 
1.067404e-02 
1.061421e-02 
1.055486e-02 
1.049597e-02 
1.043754e-02 
1.037958e-02 
1.032206e-02 
1.026499e-02 
1.020837e-02 
1.015218e-02 
1.009643e-02 
1.004111e-02 
9.986211e-03 
9.931738e-03 
9.877682e-03 
9.824040e-03 
9.770824e-03 
9.718013e-03 
9.665604e-03 
9.613591e-03 
9.561972e-03 
9.510743e-03 
9.459900e-03 
9.409438e-03 
9.359355e-03 
9.309647e-03 
9.260310e-03 
9.211340e-03 
9.162735e-03 
9.114490e-03 
9.066602e-03 
9.019068e-03 
8.971884e-03 
8.925047e-03 
8.878554e-03 
8.832401e-03 
8.786586e-03 
8.741105e-03 
8.695955e-03 
8.651132e-03 
8.606635e-03 
8.562459e-03 
8.518602e-03 
8.475061e-03 
8.431833e-03 
8.388914e-03 
8.346303e-03 
8.303996e-03 
8.261991e-03 
8.220284e-03 
8.178873e-03 
8.137756e-03 
8.096929e-03 
8.056391e-03 
8.016137e-03 
7.976167e-03 
7.936476e-03 
7.897064e-03 
7.857926e-03 
7.819061e-03 
7.780467e-03 
7.742140e-03 
8.164489e-03 
8.124470e-03 
8.084726e-03 
8.045256e-03 
8.008835e-03 
7.972654e-03 
7.936708e-03 
7.900994e-03 
7.865512e-03 
7.830259e-03 
7.795233e-03 
7.760432e-03 
7.725855e-03 
7.691499e-03 
7.657363e-03 
7.623444e-03 
7.589742e-03 
7.556254e-03 
7.522978e-03 
7.489913e-03 
7.457057e-03 
7.424408e-03 
7.391965e-03 
7.359725e-03 
7.327688e-03 
7.733394e-03 
7.699861e-03 
7.666537e-03 
7.633421e-03 
7.600510e-03 
7.567803e-03 
7.535299e-03 
7.502995e-03 
7.470890e-03 
7.438983e-03 
7.407272e-03 
7.375755e-03 
7.344432e-03 
7.313299e-03 
7.282356e-03 
7.251601e-03 
7.221033e-03 
7.190651e-03 
7.160452e-03 
7.130436e-03 
7.100600e-03 
7.070944e-03 
7.041466e-03 
7.012165e-03 
6.983039e-03 
6.954087e-03 
6.925308e-03 
6.896700e-03 
6.868262e-03 
6.839997e-03 
6.811899e-03 
6.783968e-03 
6.756201e-03 
6.728597e-03 
6.701156e-03 
6.673875e-03 
6.646755e-03 
6.619792e-03 
6.592987e-03 
6.566339e-03 
6.539845e-03 
6.513504e-03 
6.487317e-03 
6.461280e-03 
6.435394e-03 
6.409658e-03 
6.384069e-03 
6.358627e-03 
6.333331e-03 
6.308179e-03 
6.283172e-03 
6.258307e-03 
6.233583e-03 
6.209000e-03 
6.184556e-03 
6.160251e-03 
6.136083e-03 
6.112051e-03 
6.088155e-03 
6.064393e-03 
6.040765e-03 
6.017269e-03 
5.993904e-03 
5.970670e-03 
5.947565e-03 
5.924589e-03 
5.901741e-03 
5.879019e-03 
5.856423e-03 
5.833952e-03 
5.811605e-03 
5.789382e-03 
5.767280e-03 
5.745300e-03 
5.723440e-03 
5.701700e-03 
5.680079e-03 
5.658575e-03 
5.637189e-03 
5.610426e-03 
5.583833e-03 
5.557410e-03 
5.531155e-03 
5.505068e-03 
5.479146e-03 
5.453389e-03 
5.427795e-03 
5.402363e-03 
5.377092e-03 
5.351980e-03 
5.327026e-03 
5.302229e-03 
5.277588e-03 
5.253101e-03 
5.228767e-03 
5.204585e-03 
5.180554e-03 
5.156672e-03 
5.132939e-03 
5.109353e-03 
5.085913e-03 
5.062618e-03 
5.039467e-03 
5.016458e-03 
4.993591e-03 
4.970865e-03 
4.948278e-03 
5.214266e-03 
5.190643e-03 
5.167165e-03 
5.143830e-03 
5.120638e-03 
5.097586e-03 
5.074674e-03 
5.051901e-03 
5.029265e-03 
5.006767e-03 
4.984404e-03 
4.962175e-03 
4.940080e-03 
4.918118e-03 
4.896288e-03 
4.874588e-03 
4.853018e-03 
4.831576e-03 
4.810262e-03 
4.789075e-03 
4.768014e-03 
4.747077e-03 
4.725840e-03 
4.704730e-03 
4.683747e-03 
4.662889e-03 
4.642156e-03 
4.621546e-03 
4.601060e-03 
4.580694e-03 
4.560450e-03 
4.540326e-03 
4.520321e-03 
4.500434e-03 
4.480665e-03 
4.461012e-03 
4.441474e-03 
4.422052e-03 
4.402743e-03 
4.383547e-03 
4.364464e-03 
4.345492e-03 
4.326630e-03 
4.307878e-03 
4.289236e-03 
4.270701e-03 
4.252274e-03 
4.233954e-03 
4.215739e-03 
4.197630e-03 
4.179625e-03 
4.161723e-03 
4.143924e-03 
4.126228e-03 
4.108632e-03 
4.091138e-03 
4.073743e-03 
4.056448e-03 
4.039250e-03 
4.022151e-03 
4.005149e-03 
3.988243e-03 
3.971433e-03 
3.954718e-03 
3.938097e-03 
3.921570e-03 
3.905136e-03 
3.888795e-03 
3.872545e-03 
3.856386e-03 
3.840318e-03 
3.824339e-03 
3.807897e-03 
3.791550e-03 
3.775295e-03 
3.759134e-03 
3.743064e-03 
3.727086e-03 
3.711198e-03 
3.695401e-03 
3.679693e-03 
3.664073e-03 
3.648542e-03 
3.633099e-03 
3.617742e-03 
3.602471e-03 
3.587287e-03 
3.572187e-03 
3.557172e-03 
3.542241e-03 
3.527393e-03 
3.512628e-03 
3.497946e-03 
3.483344e-03 
3.468824e-03 
3.454385e-03 
3.440025e-03 
3.425745e-03 
3.411543e-03 
3.397420e-03 
3.383375e-03 
3.369406e-03 
3.355515e-03 
3.341699e-03 
3.327960e-03 
3.314295e-03 
3.300705e-03 
3.287189e-03 
3.273747e-03 
3.260378e-03 
3.247081e-03 
3.233857e-03 
3.220704e-03 
3.207622e-03 
3.194611e-03 
3.181670e-03 
3.168799e-03 
3.155997e-03 
3.143264e-03 
3.130599e-03 
3.118003e-03 
3.105473e-03 
3.093011e-03 
3.080615e-03 
3.068285e-03 
3.056020e-03 
3.043821e-03 
3.031687e-03 
3.019617e-03 
3.007611e-03 
2.995668e-03 
2.983788e-03 
2.971972e-03 
2.960217e-03 
2.948524e-03 
2.936893e-03 
2.925322e-03 
2.913813e-03 
2.902363e-03 
2.890973e-03 
2.879643e-03 
2.868372e-03 
2.857159e-03 
2.846005e-03 
2.834909e-03 
2.823870e-03 
2.812889e-03 
2.801964e-03 
2.791095e-03 
2.780283e-03 
2.769527e-03 
2.758825e-03 
2.748179e-03 
2.737588e-03 
2.727050e-03 
2.716567e-03 
2.706137e-03 
2.695761e-03 
2.685437e-03 
2.675166e-03 
2.664947e-03 
2.654781e-03 
2.644665e-03 
2.634601e-03 
2.624588e-03 
2.614626e-03 
2.604714e-03 
2.594852e-03 
2.585039e-03 
2.575276e-03 
2.565562e-03 
2.555896e-03 
2.545985e-03 
2.536124e-03 
2.526314e-03 
2.516554e-03 
2.506843e-03 
2.497182e-03 
2.487570e-03 
2.478007e-03 
2.468493e-03 
2.459027e-03 
2.449608e-03 
2.440238e-03 
2.430914e-03 
2.421638e-03 
2.412408e-03 
2.403225e-03 
2.394088e-03 
2.384997e-03 
2.375952e-03 
2.366951e-03 
2.357996e-03 
2.349086e-03 
2.340220e-03 
2.331398e-03 
2.322620e-03 
2.313885e-03 
2.305195e-03 
2.296547e-03 
2.287942e-03 
2.279379e-03 
2.270859e-03 
2.262381e-03 
2.253945e-03 
2.245550e-03 
2.237197e-03 
2.228884e-03 
2.220613e-03 
2.212381e-03 
2.204191e-03 
2.196040e-03 
2.187929e-03 
2.179857e-03 
2.171825e-03 
2.163832e-03 
2.155878e-03 
2.147962e-03 
2.140085e-03 
2.132246e-03 
2.124445e-03 
2.116681e-03 
2.108955e-03 
2.101267e-03 
2.093615e-03 
2.086000e-03 
2.078422e-03 
2.070880e-03 
2.063374e-03 
2.055904e-03 
2.048469e-03 
2.041071e-03 
2.033707e-03 
2.026379e-03 
2.019085e-03 
2.011826e-03 
2.004602e-03 
1.997412e-03 
1.990256e-03 
1.983133e-03 
1.976045e-03 
1.968990e-03 
1.961968e-03 
1.954979e-03 
1.948023e-03 
1.941100e-03 
1.934209e-03 
1.927351e-03 
1.920524e-03 
1.913730e-03 
1.906967e-03 
1.900236e-03 
1.893536e-03 
1.886868e-03 
1.880230e-03 
1.873624e-03 
1.867048e-03 
1.860502e-03 
1.853987e-03 
1.847502e-03 
1.841046e-03 
1.834621e-03 
1.828225e-03 
1.821859e-03 
1.815522e-03 
1.809214e-03 
1.802935e-03 
1.796685e-03 
1.790463e-03 
1.784270e-03 
1.778105e-03 
1.771982e-03 
1.769007e-03 
1.766040e-03 
1.763082e-03 
1.760132e-03 
1.757190e-03 
1.754257e-03 
1.751331e-03 
1.748414e-03 
1.745504e-03 
1.742603e-03 
1.739710e-03 
1.736824e-03 
1.733947e-03 
1.731077e-03 
1.728216e-03 
1.725362e-03 
1.722516e-03 
1.719678e-03 
1.716847e-03 
1.714024e-03 
1.711209e-03 
1.708402e-03 
1.705602e-03 
1.702810e-03 
1.700026e-03 
1.697249e-03 
1.694479e-03 
1.691717e-03 
1.688963e-03 
1.686216e-03 
1.683476e-03 
1.680744e-03 
1.678019e-03 
1.675302e-03 
1.672592e-03 
1.669889e-03 
1.667193e-03 
1.664504e-03 
1.661823e-03 
1.659149e-03 
1.656482e-03 
1.653822e-03 
1.651169e-03 
1.648524e-03 
1.645885e-03 
1.643253e-03 
1.640629e-03 
1.638011e-03 
1.635400e-03 
1.632796e-03 
1.630199e-03 
1.627609e-03 
1.625026e-03 
1.622449e-03 
1.619879e-03 
1.617316e-03 
1.614760e-03 
1.612211e-03 
1.609668e-03 
1.607131e-03 
1.604602e-03 
1.602079e-03 
1.599562e-03 
1.597053e-03 
1.594549e-03 
1.592052e-03 
1.589562e-03 
1.587078e-03 
1.584601e-03 
1.582130e-03 
1.579665e-03 
1.577207e-03 
1.574755e-03 
1.572310e-03 
1.569870e-03 
1.567437e-03 
1.565011e-03 
1.562590e-03 
1.560176e-03 
1.557768e-03 
1.555366e-03 
1.552970e-03 
1.550580e-03 
1.548197e-03 
1.545819e-03 
1.543448e-03 
1.541082e-03 
1.538723e-03 
1.536370e-03 
1.534022e-03 
1.531681e-03 
1.529345e-03 
1.527016e-03 
1.524692e-03 
1.522374e-03 
1.520062e-03 
1.517756e-03 
1.515456e-03 
1.513161e-03 
1.510872e-03 
1.505905e-03 
1.500946e-03 
1.496008e-03 
1.491092e-03 
1.486197e-03 
1.481322e-03 
1.476469e-03 
1.471636e-03 
1.466823e-03 
1.462031e-03 
1.457260e-03 
1.452509e-03 
1.447778e-03 
1.443067e-03 
1.438376e-03 
1.433705e-03 
1.429053e-03 
1.424422e-03 
1.419809e-03 
1.415217e-03 
1.410643e-03 
1.406089e-03 
1.401554e-03 
1.397038e-03 
1.392541e-03 
1.388063e-03 
1.383603e-03 
1.379163e-03 
1.374740e-03 
1.370337e-03 
1.365951e-03 
1.361584e-03 
1.357235e-03 
1.352904e-03 
1.348591e-03 
1.344297e-03 
1.340019e-03 
1.335760e-03 
1.331518e-03 
1.327294e-03 
1.323087e-03 
1.318898e-03 
1.314725e-03 
1.310570e-03 
1.306433e-03 
1.302312e-03 
1.298208e-03 
1.294121e-03 
1.290050e-03 
1.285997e-03 
1.281959e-03 
1.277939e-03 
1.273935e-03 
1.269947e-03 
1.265975e-03 
1.262020e-03 
1.258080e-03 
1.254157e-03 
1.250250e-03 
1.246358e-03 
1.242483e-03 
1.238622e-03 
1.234778e-03 
1.230949e-03 
1.227136e-03 
1.223338e-03 
1.219555e-03 
1.215787e-03 
1.212035e-03 
1.208298e-03 
1.204575e-03 
1.200868e-03 
1.197175e-03 
1.193498e-03 
1.189835e-03 
1.186186e-03 
1.182553e-03 
1.178933e-03 
1.175328e-03 
1.171738e-03 
1.168162e-03 
1.164600e-03 
1.161052e-03 
1.157518e-03 
1.153998e-03 
1.150492e-03 
1.147000e-03 
1.143522e-03 
1.140058e-03 
1.136607e-03 
1.133170e-03 
1.129746e-03 
1.126336e-03 
1.122939e-03 
1.119556e-03 
1.116185e-03 
1.112828e-03 
1.109485e-03 
1.106154e-03 
1.102836e-03 
1.099532e-03 
1.096240e-03 
1.092961e-03 
1.089694e-03 
1.086441e-03 
1.083200e-03 
1.079972e-03 
1.076756e-03 
1.073553e-03 
1.070362e-03 
1.067183e-03 
1.064017e-03 
1.060863e-03 
1.057721e-03 
1.054592e-03 
1.051474e-03 
1.048368e-03 
1.045275e-03 
1.042193e-03 
1.039123e-03 
1.036065e-03 
1.033018e-03 
1.029983e-03 
1.026960e-03 
1.023948e-03 
1.020948e-03 
1.017960e-03 
1.014982e-03 
1.012016e-03 
1.009062e-03 
1.006118e-03 
1.003186e-03 
1.000265e-03 
9.973549e-04 
9.944558e-04 
9.915678e-04 
9.886907e-04 
9.858244e-04 
9.829690e-04 
9.801243e-04 
9.772904e-04 
9.744671e-04 
9.716545e-04 
9.688524e-04 
9.660608e-04 
9.632798e-04 
9.605091e-04 
9.577489e-04 
9.549989e-04 
9.522593e-04 
9.495299e-04 
9.468106e-04 
9.441015e-04 
9.414026e-04 
9.387136e-04 
9.360347e-04 
9.333657e-04 
9.307066e-04 
9.280574e-04 
9.254180e-04 
9.227884e-04 
9.201686e-04 
9.175584e-04 
9.149578e-04 
9.123669e-04 
9.097855e-04 
9.072136e-04 
9.046512e-04 
9.020983e-04 
8.995547e-04 
8.970204e-04 
8.944954e-04 
8.919798e-04 
8.894733e-04 
8.869760e-04 
8.844878e-04 
8.820087e-04 
8.795387e-04 
8.770776e-04 
8.746256e-04 
8.721824e-04 
8.697482e-04 
8.673228e-04 
8.649062e-04 
8.624984e-04 
8.600993e-04 
8.577089e-04 
8.553272e-04 
8.529541e-04 
8.505895e-04 
8.482335e-04 
8.458860e-04 
8.435470e-04 
8.412164e-04 
8.388941e-04 
8.365802e-04 
8.342747e-04 
8.319774e-04 
8.296883e-04 
8.274075e-04 
8.251348e-04 
8.228702e-04 
8.206138e-04 
8.183654e-04 
8.161250e-04 
8.138926e-04 
8.116682e-04 
8.094516e-04 
8.072430e-04 
8.050422e-04 
8.028493e-04 
8.006641e-04 
7.984866e-04 
7.963169e-04 
7.941549e-04 
7.920005e-04 
7.898537e-04 
7.877145e-04 
7.855828e-04 
7.834587e-04 
7.813420e-04 
7.792328e-04 
7.771310e-04 
7.750366e-04 
7.729495e-04 
7.708698e-04 
7.687973e-04 
7.667322e-04 
7.646742e-04 
7.626234e-04 
7.605798e-04 
7.585433e-04 
7.565140e-04 
7.544917e-04 
7.524764e-04 
7.504682e-04 
7.484669e-04 
7.464726e-04 
7.444852e-04 
7.425047e-04 
7.405311e-04 
7.385643e-04 
7.366043e-04 
7.346510e-04 
7.327046e-04 
7.307648e-04 
7.288318e-04 
7.269053e-04 
7.249856e-04 
7.230724e-04 
7.211658e-04 
7.192658e-04 
7.173723e-04 
7.154852e-04 
7.136047e-04 
7.117305e-04 
7.098628e-04 
7.080015e-04 
7.061465e-04 
7.042979e-04 
7.024556e-04 
7.006195e-04 
6.987897e-04 
6.969661e-04 
6.951488e-04 
6.933376e-04 
6.915325e-04 
6.897336e-04 
6.879407e-04 
6.861540e-04 
6.843732e-04 
6.825985e-04 
6.808298e-04 
6.790671e-04 
6.773103e-04 
6.755594e-04 
6.738145e-04 
6.720754e-04 
6.703421e-04 
6.686147e-04 
6.668930e-04 
6.651772e-04 
6.634671e-04 
6.617627e-04 
6.600640e-04 
6.583710e-04 
6.566837e-04 
6.550020e-04 
6.533259e-04 
6.516554e-04 
6.499904e-04 
6.483310e-04 
6.466772e-04 
6.450288e-04 
6.433859e-04 
6.417484e-04 
6.401164e-04 
6.384898e-04 
6.368685e-04 
6.352527e-04 
6.336421e-04 
6.320369e-04 
6.304370e-04 
6.288424e-04 
6.272530e-04 
6.256688e-04 
6.240899e-04 
6.225161e-04 
6.209476e-04 
6.193841e-04 
6.178258e-04 
6.162727e-04 
6.147245e-04 
6.131815e-04 
6.116435e-04 
6.101106e-04 
6.085826e-04 
6.070596e-04 
6.055416e-04 
6.040286e-04 
6.025204e-04 
6.010172e-04 
5.995188e-04 
5.980254e-04 
5.965367e-04 
5.950529e-04 
5.935739e-04 
5.920997e-04 
5.906303e-04 
5.891656e-04 
5.877057e-04 
5.862504e-04 
5.847999e-04 
5.833540e-04 
5.819128e-04 
5.804762e-04 
5.790443e-04 
5.776169e-04 
5.761942e-04 
5.747760e-04 
5.733623e-04 
5.719532e-04 
5.705486e-04 
5.691485e-04 
5.677528e-04 
5.663617e-04 
5.649749e-04 
5.635926e-04 
5.622147e-04 
5.608412e-04 
5.594720e-04 
5.581073e-04 
5.567468e-04 
5.553907e-04 
5.540388e-04 
5.526913e-04 
5.513480e-04 
5.500090e-04 
5.486742e-04 
5.473437e-04 
5.460173e-04 
5.446952e-04 
5.433772e-04 
5.420633e-04 
5.407536e-04 
5.394481e-04 
5.381466e-04 
5.368492e-04 
5.355559e-04 
5.342667e-04 
5.329815e-04 
5.317003e-04 
5.304231e-04 
5.291500e-04 
5.278808e-04 
5.266156e-04 
5.253543e-04 
5.240970e-04 
5.228436e-04 
5.215941e-04 
5.203485e-04 
5.191068e-04 
5.178689e-04 
5.166349e-04 
5.154047e-04 
5.141783e-04 
5.129557e-04 
5.117369e-04 
5.105219e-04 
5.093107e-04 
5.081032e-04 
5.068994e-04 
5.056993e-04 
5.045030e-04 
5.033103e-04 
5.021213e-04 
5.009360e-04 
4.997543e-04 
4.985762e-04 
4.974018e-04 
4.962309e-04 
4.950637e-04 
4.939000e-04 
4.927399e-04 
4.915834e-04 
4.904304e-04 
4.892809e-04 
4.881349e-04 
4.869924e-04 
4.858534e-04 
4.847179e-04 
4.835858e-04 
4.824572e-04 
4.813320e-04 
4.802102e-04 
4.790919e-04 
4.779769e-04 
4.768653e-04 
4.757571e-04 
4.746522e-04 
4.735507e-04 
4.724525e-04 
4.713577e-04 
4.702661e-04 
4.691778e-04 
4.680928e-04 
4.670111e-04 
4.659327e-04 
4.648574e-04 
4.637855e-04 
4.627167e-04 
4.616511e-04 
4.605888e-04 
4.595296e-04 
4.584736e-04 
4.574208e-04 
4.563711e-04 
4.553246e-04 
4.542812e-04 
4.532409e-04 
4.522037e-04 
4.511696e-04 
4.501386e-04 
4.491106e-04 
4.480857e-04 
4.470639e-04 
4.460451e-04 
4.450293e-04 
4.440165e-04 
4.430068e-04 
4.420000e-04 
4.409962e-04 
4.399954e-04 
4.389975e-04 
4.380026e-04 
4.370107e-04 
4.360216e-04 
4.350355e-04 
4.340523e-04 
4.330720e-04 
4.320945e-04 
4.311200e-04 
4.301483e-04 
4.291794e-04 
4.282134e-04 
4.272503e-04 
4.262899e-04 
4.253324e-04 
4.243777e-04 
4.234257e-04 
4.224766e-04 
4.215302e-04 
4.205866e-04 
4.196457e-04 
4.187076e-04 
4.177722e-04 
4.168396e-04 
4.159096e-04 
4.149824e-04 
4.140578e-04 
4.131360e-04 
4.122168e-04 
4.113003e-04 
4.103864e-04 
4.094752e-04 
4.085666e-04 
4.076606e-04 
4.067573e-04 
4.058566e-04 
4.049584e-04 
4.040629e-04 
4.031699e-04 
4.022795e-04 
4.013917e-04 
4.005064e-04 
3.996237e-04 
3.987435e-04 
3.978658e-04 
3.969907e-04 
3.961180e-04 
3.952190e-04 
3.943225e-04 
3.934287e-04 
3.925375e-04 
3.916489e-04 
3.907629e-04 
3.898796e-04 
3.889988e-04 
3.881205e-04 
3.872449e-04 
3.863718e-04 
3.855012e-04 
3.846332e-04 
3.837677e-04 
3.829047e-04 
3.820442e-04 
3.811863e-04 
3.803308e-04 
3.794778e-04 
3.786273e-04 
3.777792e-04 
3.769336e-04 
3.760905e-04 
3.752498e-04 
3.744115e-04 
3.735757e-04 
3.727422e-04 
3.719112e-04 
3.710826e-04 
3.702563e-04 
3.694325e-04 
3.686110e-04 
3.677919e-04 
3.669751e-04 
3.661607e-04 
3.653486e-04 
3.645388e-04 
3.637314e-04 
3.629263e-04 
3.621234e-04 
3.613229e-04 
3.605247e-04 
3.597287e-04 
3.589351e-04 
3.581436e-04 
3.573545e-04 
3.565676e-04 
3.557829e-04 
3.550005e-04 
3.542203e-04 
3.534423e-04 
3.526665e-04 
3.518930e-04 
3.511216e-04 
3.503524e-04 
3.495854e-04 
3.488206e-04 
3.480579e-04 
3.472974e-04 
3.465390e-04 
3.457828e-04 
3.450287e-04 
3.442768e-04 
3.435269e-04 
3.427792e-04 
3.420336e-04 
3.412901e-04 
3.405486e-04 
3.398093e-04 
3.390720e-04 
3.383368e-04 
3.376037e-04 
3.368726e-04 
3.361436e-04 
3.354166e-04 
3.346916e-04 
3.339687e-04 
3.332478e-04 
3.325289e-04 
3.318120e-04 
3.310971e-04 
3.303842e-04 
3.296733e-04 
3.289644e-04 
3.282574e-04 
3.275524e-04 
3.268494e-04 
3.261483e-04 
3.254492e-04 
3.247520e-04 
3.240567e-04 
3.233634e-04 
3.226720e-04 
3.219825e-04 
3.212949e-04 
3.206092e-04 
3.199254e-04 
3.192434e-04 
3.185634e-04 
3.178852e-04 
3.172089e-04 
3.165345e-04 
3.158619e-04 
3.151912e-04 
3.145223e-04 
3.138553e-04 
3.131900e-04 
3.125266e-04 
3.118651e-04 
3.112053e-04 
3.105473e-04 
3.098912e-04 
3.092368e-04 
3.085842e-04 
3.079335e-04 
3.072844e-04 
3.066372e-04 
3.059917e-04 
3.053480e-04 
3.047060e-04 
3.040658e-04 
3.034273e-04 
3.027905e-04 
3.021555e-04 
3.015222e-04 
3.008906e-04 
3.002607e-04 
2.996326e-04 
2.990061e-04 
2.983813e-04 
2.977583e-04 
2.971369e-04 
2.965172e-04 
2.958991e-04 
2.952827e-04 
2.946680e-04 
2.940549e-04 
2.934435e-04 
2.928338e-04 
2.922256e-04 
2.916192e-04 
2.910143e-04 
2.904110e-04 
2.898094e-04 
2.892094e-04 
2.886110e-04 
2.880142e-04 
2.874190e-04 
2.868254e-04 
2.862334e-04 
2.856429e-04 
2.850541e-04 
2.844668e-04 
2.838810e-04 
2.832969e-04 
2.827143e-04 
2.821332e-04 
2.815537e-04 
2.809757e-04 
2.803993e-04 
2.798243e-04 
2.792510e-04 
2.786791e-04 
2.781087e-04 
2.775399e-04 
2.769726e-04 
2.764067e-04 
2.758424e-04 
2.752795e-04 
2.747182e-04 
2.741583e-04 
2.735999e-04 
2.730430e-04 
2.724875e-04 
2.719335e-04 
2.713810e-04 
2.708299e-04 
2.702802e-04 
2.697320e-04 
2.691853e-04 
2.686400e-04 
2.680961e-04 
2.675536e-04 
2.670125e-04 
2.664729e-04 
2.659347e-04 
2.653979e-04 
2.648625e-04 
2.643284e-04 
2.637958e-04 
2.632646e-04 
2.627347e-04 
2.622063e-04 
2.616792e-04 
2.611534e-04 
2.606291e-04 
2.601061e-04 
2.595845e-04 
2.590642e-04 
2.585453e-04 
2.580277e-04 
2.575114e-04 
2.569965e-04 
2.564829e-04 
2.559707e-04 
2.554598e-04 
2.549502e-04 
2.544419e-04 
2.539349e-04 
2.534292e-04 
2.529249e-04 
2.524218e-04 
2.519200e-04 
2.514196e-04 
2.509204e-04 
2.504225e-04 
2.499258e-04 
2.494305e-04 
2.489364e-04 
2.484436e-04 
2.479520e-04 
2.474617e-04 
2.469727e-04 
2.464849e-04 
2.459983e-04 
2.455130e-04 
2.450290e-04 
2.445461e-04 
2.440645e-04 
2.435842e-04 
2.431050e-04 
2.426271e-04 
2.421504e-04 
2.416749e-04 
2.412006e-04 
2.407275e-04 
2.402556e-04 
2.397849e-04 
2.393154e-04 
2.388471e-04 
2.383800e-04 
2.379141e-04 
2.374493e-04 
2.369858e-04 
2.365233e-04 
2.360621e-04 
2.356020e-04 
2.351431e-04 
2.346854e-04 
2.342287e-04 
2.337733e-04 
2.333190e-04 
2.328658e-04 
2.324138e-04 
2.319629e-04 
2.315131e-04 
2.310645e-04 
2.306170e-04 
2.301706e-04 
2.297253e-04 
2.292812e-04 
2.288382e-04 
2.283962e-04 
2.279554e-04 
2.275157e-04 
2.270771e-04 
2.266395e-04 
2.262031e-04 
2.257677e-04 
2.253335e-04 
2.249003e-04 
2.244682e-04 
2.240371e-04 
2.236072e-04 
2.231783e-04 
2.227504e-04 
2.223237e-04 
2.218980e-04 
2.214733e-04 
2.210497e-04 
2.206271e-04 
2.202056e-04 
2.197852e-04 
2.193657e-04 
2.189473e-04 
2.185300e-04 
2.181137e-04 
2.176984e-04 
2.172841e-04 
2.168708e-04 
2.164586e-04 
2.160474e-04 
2.156371e-04 
2.152279e-04 
2.148197e-04 
2.144125e-04 
2.140063e-04 
2.136011e-04 
2.131969e-04 
2.127937e-04 
2.123915e-04 
2.119902e-04 
2.115899e-04 
2.111907e-04 
2.107923e-04 
2.103950e-04 
2.099986e-04 
2.096032e-04 
2.092088e-04 
2.088153e-04 
2.084228e-04 
2.080312e-04 
2.076406e-04 
2.072509e-04 
2.068622e-04 
2.064744e-04 
2.060876e-04 
2.057017e-04 
2.053167e-04 
2.049327e-04 
2.045496e-04 
2.041674e-04 
2.037862e-04 
2.034059e-04 
2.030265e-04 
2.026480e-04 
2.022704e-04 
2.018937e-04 
2.015180e-04 
2.011431e-04 
2.007692e-04 
2.003961e-04 
2.000240e-04 
1.996527e-04 
1.992824e-04 
1.989129e-04 
1.985443e-04 
1.981766e-04 
1.978098e-04 
1.974438e-04 
1.970787e-04 
1.967146e-04 
1.963512e-04 
1.959888e-04 
1.956272e-04 
1.952665e-04 
1.949066e-04 
1.945476e-04 
1.941894e-04 
1.938322e-04 
1.934757e-04 
1.931201e-04 
1.927654e-04 
1.924115e-04 
1.920584e-04 
1.917062e-04 
1.913548e-04 
1.910042e-04 
1.906545e-04 
1.903056e-04 
1.899575e-04 
1.896103e-04 
1.892639e-04 
1.889183e-04 
1.885735e-04 
1.882295e-04 
1.878864e-04 
1.875440e-04 
1.872025e-04 
1.868617e-04 
1.865218e-04 
1.861827e-04 
1.858443e-04 
1.855068e-04 
1.851700e-04 
1.848341e-04 
1.844989e-04 
1.841646e-04 
1.838310e-04 
1.834982e-04 
1.831661e-04 
1.828349e-04 
1.825044e-04 
1.821747e-04 
1.818458e-04 
1.815176e-04 
1.811902e-04 
1.808636e-04 
1.805377e-04 
1.802126e-04 
1.798882e-04 
1.795646e-04 
1.792418e-04 
1.789197e-04 
1.785984e-04 
1.782778e-04 
1.779579e-04 
1.776388e-04 
1.773205e-04 
1.770028e-04 
1.766860e-04 
1.763698e-04 
1.760544e-04 
1.757397e-04 
1.754257e-04 
1.751125e-04 
1.748000e-04 
1.744882e-04 
1.741771e-04 
1.738668e-04 
1.735571e-04 
1.732482e-04 
1.729400e-04 
1.726325e-04 
1.723257e-04 
1.720196e-04 
1.717142e-04 
1.714096e-04 
1.711056e-04 
1.708023e-04 
1.704997e-04 
1.701978e-04 
1.698966e-04 
1.695961e-04 
1.692963e-04 
1.689972e-04 
1.686987e-04 
1.684009e-04 
1.681038e-04 
1.678074e-04 
1.675117e-04 
1.672166e-04 
1.669223e-04 
1.666286e-04 
1.663355e-04 
1.660431e-04 
1.657514e-04 
1.654604e-04 
1.651700e-04 
1.648803e-04 
1.645912e-04 
1.643028e-04 
1.640150e-04 
1.637279e-04 
1.634415e-04 
1.631557e-04 
1.628705e-04 
1.625860e-04 
1.623021e-04 
1.620189e-04 
1.617363e-04 
1.614544e-04 
1.611731e-04 
1.608924e-04 
1.606123e-04 
1.603329e-04 
1.600541e-04 
1.597760e-04 
1.594984e-04 
1.592215e-04 
1.589453e-04 
1.586696e-04 
1.583946e-04 
1.581201e-04 
1.578463e-04 
1.575731e-04 
1.573005e-04 
1.570286e-04 
1.567572e-04 
1.564864e-04 
1.562163e-04 
1.559467e-04 
1.556778e-04 
1.554095e-04 
1.551417e-04 
1.548746e-04 
1.546080e-04 
1.543421e-04 
1.540767e-04 
1.538119e-04 
1.535477e-04 
1.532841e-04 
1.530211e-04 
1.527587e-04 
1.524969e-04 
1.522356e-04 
1.519749e-04 
1.517148e-04 
1.514553e-04 
1.511963e-04 
1.509379e-04 
1.506801e-04 
1.504229e-04 
1.501662e-04 
1.499101e-04 
1.496546e-04 
1.493996e-04 
1.491452e-04 
1.488913e-04 
1.486380e-04 
