   1.26693267904e+07    1.41896460052e+08    5.06773071616e+04    6.20500000000e+00 
2551 
1.666290e-02 
1.645059e-02 
1.624112e-02 
1.603444e-02 
1.583051e-02 
1.562927e-02 
1.543070e-02 
1.523473e-02 
1.504133e-02 
1.485046e-02 
1.466207e-02 
1.447613e-02 
1.429260e-02 
1.411143e-02 
1.393259e-02 
1.375605e-02 
1.355598e-02 
1.335851e-02 
1.316361e-02 
1.297123e-02 
1.278134e-02 
1.259389e-02 
1.240884e-02 
1.222617e-02 
1.204582e-02 
1.186778e-02 
1.169199e-02 
1.151842e-02 
1.134705e-02 
1.117783e-02 
1.101073e-02 
1.084573e-02 
1.065079e-02 
1.045693e-02 
1.026554e-02 
1.007657e-02 
9.889989e-03 
9.705759e-03 
9.523844e-03 
9.344210e-03 
9.166823e-03 
8.991650e-03 
8.818657e-03 
8.647812e-03 
8.479084e-03 
8.312441e-03 
8.105793e-03 
7.899583e-03 
7.695954e-03 
7.494867e-03 
7.296286e-03 
7.100175e-03 
6.906496e-03 
6.715215e-03 
6.526298e-03 
6.339710e-03 
6.155417e-03 
5.926281e-03 
5.678762e-03 
5.434317e-03 
5.192904e-03 
4.954478e-03 
4.711428e-03 
4.468155e-03 
4.227880e-03 
3.990562e-03 
3.775383e-03 
3.594270e-03 
3.415357e-03 
3.238613e-03 
3.052685e-03 
2.843123e-03 
2.636100e-03 
2.412017e-03 
2.154531e-03 
1.900164e-03 
1.612399e-03 
1.309605e-03 
1.000181e-03 
6.706316e-04 
3.450525e-04 
8.636852e-06 
-3.420681e-04 
-7.068162e-04 
-1.067978e-03 
-1.429558e-03 
-1.790492e-03 
-2.147123e-03 
-2.491216e-03 
-2.806489e-03 
-3.118015e-03 
-3.417403e-03 
-3.655558e-03 
-3.890882e-03 
-4.052057e-03 
-4.183437e-03 
-4.313233e-03 
-4.441465e-03 
-4.465157e-03 
-4.462902e-03 
-4.450959e-03 
-4.390213e-03 
-4.330084e-03 
-4.225358e-03 
-4.076795e-03 
-3.929836e-03 
-3.784461e-03 
-3.580357e-03 
-3.371585e-03 
-3.165081e-03 
-2.960817e-03 
-2.716477e-03 
-2.474788e-03 
-2.235717e-03 
-1.999233e-03 
-1.741556e-03 
-1.485703e-03 
-1.232608e-03 
-9.822396e-04 
-7.311705e-04 
-4.765314e-04 
-2.246235e-04 
2.458627e-05 
2.710405e-04 
5.148238e-04 
7.560063e-04 
9.946192e-04 
1.230693e-03 
1.464258e-03 
1.682146e-03 
1.897723e-03 
2.111017e-03 
2.322054e-03 
2.530861e-03 
2.737464e-03 
2.941890e-03 
3.115290e-03 
3.286861e-03 
3.456625e-03 
3.624601e-03 
3.790811e-03 
3.955276e-03 
4.118015e-03 
4.279049e-03 
4.421439e-03 
4.541712e-03 
4.660716e-03 
4.778464e-03 
4.894971e-03 
5.010252e-03 
5.124321e-03 
5.237190e-03 
5.348875e-03 
5.459388e-03 
5.568743e-03 
5.676952e-03 
5.752897e-03 
5.828029e-03 
5.902355e-03 
5.975886e-03 
6.048630e-03 
6.120597e-03 
6.191794e-03 
6.262231e-03 
6.331915e-03 
6.400856e-03 
6.469062e-03 
6.536541e-03 
6.603301e-03 
6.669350e-03 
6.714494e-03 
6.754988e-03 
6.795022e-03 
6.834603e-03 
6.873736e-03 
6.912425e-03 
6.950675e-03 
6.988492e-03 
7.025880e-03 
7.062843e-03 
7.099387e-03 
7.135517e-03 
7.171236e-03 
7.206549e-03 
7.241461e-03 
7.275977e-03 
7.310100e-03 
7.343834e-03 
7.377185e-03 
7.410156e-03 
7.442752e-03 
7.474975e-03 
7.506832e-03 
7.538325e-03 
7.569458e-03 
7.585562e-03 
7.595125e-03 
7.604527e-03 
7.613769e-03 
7.622853e-03 
7.631782e-03 
7.640556e-03 
7.649178e-03 
7.657650e-03 
7.665973e-03 
7.674149e-03 
7.682180e-03 
7.690066e-03 
7.697811e-03 
7.705415e-03 
7.712881e-03 
7.720209e-03 
7.727402e-03 
7.734460e-03 
7.741386e-03 
7.748181e-03 
7.754847e-03 
7.761384e-03 
7.767795e-03 
7.774080e-03 
7.780242e-03 
7.786044e-03 
7.773799e-03 
7.761588e-03 
7.749411e-03 
7.737267e-03 
7.725157e-03 
7.713080e-03 
7.701037e-03 
7.689027e-03 
7.660050e-03 
7.622372e-03 
7.584939e-03 
7.547751e-03 
7.510805e-03 
7.474099e-03 
7.437632e-03 
7.401401e-03 
7.365404e-03 
7.327104e-03 
7.287931e-03 
7.249016e-03 
7.210357e-03 
7.171952e-03 
7.133798e-03 
7.095894e-03 
7.073064e-03 
7.107628e-03 
7.141858e-03 
7.175758e-03 
7.209329e-03 
7.242575e-03 
7.275499e-03 
7.308104e-03 
7.327879e-03 
7.342423e-03 
7.356795e-03 
7.370996e-03 
7.385028e-03 
7.398894e-03 
7.412594e-03 
7.426130e-03 
7.439504e-03 
7.439486e-03 
7.439411e-03 
7.439282e-03 
7.439097e-03 
7.438858e-03 
7.438566e-03 
7.438220e-03 
7.437822e-03 
7.437373e-03 
7.436872e-03 
7.436321e-03 
7.444430e-03 
7.457096e-03 
7.469612e-03 
7.481980e-03 
7.494200e-03 
7.506275e-03 
7.518205e-03 
7.529992e-03 
7.541638e-03 
7.553143e-03 
7.564509e-03 
7.575737e-03 
7.586829e-03 
7.597786e-03 
7.608609e-03 
7.619300e-03 
7.629859e-03 
7.640289e-03 
7.650589e-03 
7.660762e-03 
7.670808e-03 
7.680729e-03 
7.690526e-03 
7.700200e-03 
7.709753e-03 
7.719184e-03 
7.728497e-03 
7.737690e-03 
7.746767e-03 
7.755727e-03 
7.764572e-03 
7.773304e-03 
7.780457e-03 
7.773767e-03 
7.767076e-03 
7.760382e-03 
7.753687e-03 
7.746990e-03 
7.740291e-03 
7.733591e-03 
7.726890e-03 
7.720188e-03 
7.713485e-03 
7.706781e-03 
7.700077e-03 
7.693372e-03 
7.686666e-03 
7.679961e-03 
7.673255e-03 
7.666549e-03 
7.659844e-03 
7.653138e-03 
7.646433e-03 
7.639728e-03 
7.633024e-03 
7.626321e-03 
7.619619e-03 
7.612917e-03 
7.606216e-03 
7.599517e-03 
7.592819e-03 
7.586122e-03 
7.579427e-03 
7.572733e-03 
7.566041e-03 
7.559350e-03 
7.552662e-03 
7.545975e-03 
7.539290e-03 
7.532608e-03 
7.525928e-03 
7.519250e-03 
7.512574e-03 
7.495721e-03 
7.477133e-03 
7.458628e-03 
7.440205e-03 
7.421862e-03 
7.403601e-03 
7.385419e-03 
7.367318e-03 
7.349295e-03 
7.331352e-03 
7.313486e-03 
7.295699e-03 
7.277988e-03 
7.260355e-03 
7.242798e-03 
7.225316e-03 
7.220259e-03 
7.216564e-03 
7.212855e-03 
7.209132e-03 
7.205395e-03 
7.201644e-03 
7.197881e-03 
7.194103e-03 
7.190313e-03 
7.186510e-03 
7.182695e-03 
7.178867e-03 
7.175026e-03 
7.170602e-03 
7.164231e-03 
7.157863e-03 
7.151500e-03 
7.145141e-03 
7.138786e-03 
7.132436e-03 
7.126090e-03 
7.119749e-03 
7.113412e-03 
7.107080e-03 
7.100752e-03 
7.094430e-03 
7.088112e-03 
7.081799e-03 
7.075490e-03 
7.069187e-03 
7.062889e-03 
7.056595e-03 
7.050307e-03 
7.044024e-03 
7.037745e-03 
7.031472e-03 
7.025205e-03 
7.018942e-03 
7.012685e-03 
7.006433e-03 
7.000187e-03 
6.993946e-03 
6.987710e-03 
6.981238e-03 
6.969532e-03 
6.957866e-03 
6.946238e-03 
6.934648e-03 
6.923097e-03 
6.911584e-03 
6.900109e-03 
6.888672e-03 
6.877272e-03 
6.865909e-03 
6.854584e-03 
6.843295e-03 
6.832044e-03 
6.820829e-03 
6.809650e-03 
6.798508e-03 
6.787402e-03 
6.776332e-03 
6.765297e-03 
6.754299e-03 
6.743335e-03 
6.732407e-03 
6.721514e-03 
6.710656e-03 
6.699832e-03 
6.689044e-03 
6.678289e-03 
6.667569e-03 
6.656883e-03 
6.646231e-03 
6.635612e-03 
6.625027e-03 
6.614476e-03 
6.603958e-03 
6.593473e-03 
6.583021e-03 
6.572602e-03 
6.562216e-03 
6.551862e-03 
6.541540e-03 
6.531251e-03 
6.520994e-03 
6.510768e-03 
6.500575e-03 
6.490413e-03 
6.480282e-03 
6.470183e-03 
6.460115e-03 
6.450078e-03 
6.440072e-03 
6.430097e-03 
6.420153e-03 
6.410239e-03 
6.400355e-03 
6.390501e-03 
6.380678e-03 
6.370884e-03 
6.361120e-03 
6.351386e-03 
6.341682e-03 
6.332007e-03 
6.322361e-03 
6.312744e-03 
6.303156e-03 
6.293597e-03 
6.282226e-03 
6.270050e-03 
6.257918e-03 
6.245828e-03 
6.233781e-03 
6.221777e-03 
6.209815e-03 
6.197895e-03 
6.186017e-03 
6.174181e-03 
6.162387e-03 
6.150633e-03 
6.138921e-03 
6.127250e-03 
6.115620e-03 
6.104030e-03 
6.092481e-03 
6.080971e-03 
6.069502e-03 
6.058072e-03 
6.046682e-03 
6.035331e-03 
6.024019e-03 
6.012746e-03 
6.001512e-03 
5.990317e-03 
5.979159e-03 
5.968041e-03 
5.956960e-03 
5.945916e-03 
5.934911e-03 
5.923943e-03 
5.913012e-03 
5.902118e-03 
5.891262e-03 
5.880442e-03 
5.869658e-03 
5.858911e-03 
5.848200e-03 
5.837525e-03 
5.826886e-03 
5.816283e-03 
5.805715e-03 
5.795182e-03 
5.784685e-03 
5.774223e-03 
5.763795e-03 
5.753403e-03 
5.743044e-03 
5.732720e-03 
5.722431e-03 
5.712175e-03 
5.701953e-03 
5.691765e-03 
5.681610e-03 
5.671489e-03 
5.661401e-03 
5.651346e-03 
5.641324e-03 
5.631335e-03 
5.621378e-03 
5.611454e-03 
5.601562e-03 
5.591703e-03 
5.581875e-03 
5.572079e-03 
5.562315e-03 
5.552582e-03 
5.542881e-03 
5.533211e-03 
5.523573e-03 
5.513965e-03 
5.504388e-03 
5.494842e-03 
5.485326e-03 
5.475841e-03 
5.466386e-03 
5.456832e-03 
5.445933e-03 
5.435072e-03 
5.424248e-03 
5.413461e-03 
5.402711e-03 
5.391998e-03 
5.381321e-03 
5.370681e-03 
5.360076e-03 
5.349508e-03 
5.338975e-03 
5.328478e-03 
5.318017e-03 
5.307591e-03 
5.297200e-03 
5.286844e-03 
5.276522e-03 
5.266236e-03 
5.255984e-03 
5.245766e-03 
5.235583e-03 
5.225433e-03 
5.215318e-03 
5.205236e-03 
5.195187e-03 
5.185172e-03 
5.175191e-03 
5.165242e-03 
5.155326e-03 
5.145443e-03 
5.135593e-03 
5.125775e-03 
5.115990e-03 
5.106236e-03 
5.096515e-03 
5.086826e-03 
5.077168e-03 
5.067542e-03 
5.057948e-03 
5.048384e-03 
5.038852e-03 
5.029351e-03 
5.019881e-03 
5.010442e-03 
5.001033e-03 
4.991655e-03 
4.982307e-03 
4.972989e-03 
4.963702e-03 
4.954444e-03 
4.945216e-03 
4.936018e-03 
4.926849e-03 
4.917710e-03 
4.908599e-03 
4.899519e-03 
4.890467e-03 
4.881444e-03 
4.872449e-03 
4.863484e-03 
4.854547e-03 
4.845638e-03 
4.836757e-03 
4.827905e-03 
4.819081e-03 
4.810284e-03 
4.801515e-03 
4.792774e-03 
4.784061e-03 
4.775374e-03 
4.766715e-03 
4.758084e-03 
4.749479e-03 
4.740901e-03 
4.732350e-03 
4.723826e-03 
4.715328e-03 
4.706856e-03 
4.698412e-03 
4.689993e-03 
4.681600e-03 
4.673233e-03 
4.664893e-03 
4.656578e-03 
4.648288e-03 
4.640025e-03 
4.631786e-03 
4.623573e-03 
4.615385e-03 
4.607223e-03 
4.599085e-03 
4.590972e-03 
4.582884e-03 
4.574821e-03 
4.566783e-03 
4.558768e-03 
4.550779e-03 
4.542330e-03 
4.533591e-03 
4.524880e-03 
4.516197e-03 
4.507541e-03 
4.498912e-03 
4.490310e-03 
4.481735e-03 
4.473188e-03 
4.464667e-03 
4.456172e-03 
4.447705e-03 
4.439263e-03 
4.430848e-03 
4.422460e-03 
4.414097e-03 
4.405761e-03 
4.397450e-03 
4.389165e-03 
4.380906e-03 
4.372672e-03 
4.364464e-03 
4.356281e-03 
4.348124e-03 
4.339991e-03 
4.331884e-03 
4.323801e-03 
4.315744e-03 
4.307711e-03 
4.299702e-03 
4.291719e-03 
4.283759e-03 
4.275824e-03 
4.267913e-03 
4.260026e-03 
4.252164e-03 
4.244325e-03 
4.236510e-03 
4.228718e-03 
4.220950e-03 
4.213206e-03 
4.205485e-03 
4.197788e-03 
4.190114e-03 
4.182462e-03 
4.174834e-03 
4.167229e-03 
4.159647e-03 
4.152087e-03 
4.144550e-03 
4.137036e-03 
4.129544e-03 
4.122074e-03 
4.114627e-03 
4.107202e-03 
4.099799e-03 
4.092418e-03 
4.085059e-03 
4.077721e-03 
4.070406e-03 
4.063112e-03 
4.055840e-03 
4.048589e-03 
4.041359e-03 
4.034151e-03 
4.026964e-03 
4.019799e-03 
4.012654e-03 
4.005530e-03 
3.998428e-03 
3.991345e-03 
3.984284e-03 
3.977243e-03 
3.970223e-03 
3.963224e-03 
3.956244e-03 
3.949285e-03 
3.942347e-03 
3.935428e-03 
3.928529e-03 
3.921651e-03 
3.914792e-03 
3.907953e-03 
3.901134e-03 
3.894335e-03 
3.887555e-03 
3.880795e-03 
3.874054e-03 
3.867332e-03 
3.860630e-03 
3.853947e-03 
3.847283e-03 
3.840638e-03 
3.834013e-03 
3.827406e-03 
3.820817e-03 
3.814248e-03 
3.807697e-03 
3.801165e-03 
3.794652e-03 
3.788157e-03 
3.781680e-03 
3.775222e-03 
3.768782e-03 
3.761896e-03 
3.755029e-03 
3.748183e-03 
3.741357e-03 
3.734550e-03 
3.727763e-03 
3.720995e-03 
3.714247e-03 
3.707518e-03 
3.700809e-03 
3.694119e-03 
3.687448e-03 
3.680797e-03 
3.674164e-03 
3.667550e-03 
3.660956e-03 
3.654380e-03 
3.647823e-03 
3.641284e-03 
3.634764e-03 
3.628263e-03 
3.621780e-03 
3.615316e-03 
3.608870e-03 
3.602442e-03 
3.596032e-03 
3.589641e-03 
3.583267e-03 
3.576912e-03 
3.570574e-03 
3.564254e-03 
3.557952e-03 
3.551668e-03 
3.545402e-03 
3.539153e-03 
3.532921e-03 
3.526707e-03 
3.520510e-03 
3.514331e-03 
3.508169e-03 
3.502024e-03 
3.495896e-03 
3.489785e-03 
3.483692e-03 
3.477615e-03 
3.471555e-03 
3.465511e-03 
3.459485e-03 
3.453475e-03 
3.447482e-03 
3.441505e-03 
3.435545e-03 
3.429601e-03 
3.423674e-03 
3.417763e-03 
3.411868e-03 
3.405989e-03 
3.400127e-03 
3.394280e-03 
3.388450e-03 
3.382635e-03 
3.376837e-03 
3.371054e-03 
3.365287e-03 
3.359535e-03 
3.353800e-03 
3.348079e-03 
3.342375e-03 
3.336686e-03 
3.331012e-03 
3.325354e-03 
3.319711e-03 
3.314083e-03 
3.308470e-03 
3.302873e-03 
3.297290e-03 
3.291723e-03 
3.286171e-03 
3.280633e-03 
3.275111e-03 
3.269603e-03 
3.264110e-03 
3.258631e-03 
3.253168e-03 
3.247719e-03 
3.242284e-03 
3.236864e-03 
3.231459e-03 
3.226067e-03 
3.220691e-03 
3.215328e-03 
3.209980e-03 
3.204645e-03 
3.199325e-03 
3.194019e-03 
3.188727e-03 
3.183449e-03 
3.178185e-03 
3.172935e-03 
3.167699e-03 
3.162476e-03 
3.157268e-03 
3.152073e-03 
3.146891e-03 
3.141723e-03 
3.136569e-03 
3.131428e-03 
3.126300e-03 
3.121186e-03 
3.116086e-03 
3.110998e-03 
3.105924e-03 
3.100863e-03 
3.095815e-03 
3.090781e-03 
3.085759e-03 
3.080751e-03 
3.075755e-03 
3.070772e-03 
3.065802e-03 
3.060845e-03 
3.055901e-03 
3.050970e-03 
3.046051e-03 
3.041145e-03 
3.036252e-03 
3.031371e-03 
3.026502e-03 
3.021647e-03 
3.016803e-03 
3.011972e-03 
3.007153e-03 
3.002347e-03 
2.997553e-03 
2.992771e-03 
2.988001e-03 
2.983150e-03 
2.978137e-03 
2.973138e-03 
2.968151e-03 
2.963177e-03 
2.958216e-03 
2.953268e-03 
2.948332e-03 
2.943410e-03 
2.938500e-03 
2.933602e-03 
2.928718e-03 
2.923845e-03 
2.918986e-03 
2.914138e-03 
2.909304e-03 
2.904481e-03 
2.899671e-03 
2.894873e-03 
2.890088e-03 
2.885314e-03 
2.880553e-03 
2.875804e-03 
2.871067e-03 
2.866342e-03 
2.861630e-03 
2.856929e-03 
2.852240e-03 
2.847562e-03 
2.842897e-03 
2.838244e-03 
2.833602e-03 
2.828972e-03 
2.824354e-03 
2.819747e-03 
2.815152e-03 
2.810569e-03 
2.805997e-03 
2.801436e-03 
2.796887e-03 
2.792349e-03 
2.787823e-03 
2.783308e-03 
2.778805e-03 
2.774312e-03 
2.769831e-03 
2.765361e-03 
2.760902e-03 
2.756454e-03 
2.752018e-03 
2.747592e-03 
2.743178e-03 
2.738774e-03 
2.734381e-03 
2.729999e-03 
2.725628e-03 
2.721268e-03 
2.716919e-03 
2.712580e-03 
2.708252e-03 
2.703935e-03 
2.699628e-03 
2.695332e-03 
2.691046e-03 
2.686771e-03 
2.682507e-03 
2.678253e-03 
2.674009e-03 
2.669776e-03 
2.665553e-03 
2.661341e-03 
2.657138e-03 
2.652946e-03 
2.648765e-03 
2.644593e-03 
2.640432e-03 
2.636280e-03 
2.632139e-03 
2.628008e-03 
2.623887e-03 
2.619776e-03 
2.615675e-03 
2.611583e-03 
2.607502e-03 
2.603430e-03 
2.599369e-03 
2.595317e-03 
2.591275e-03 
2.587242e-03 
2.583220e-03 
2.579207e-03 
2.575203e-03 
2.571210e-03 
2.567226e-03 
2.563251e-03 
2.559286e-03 
2.555330e-03 
2.551384e-03 
2.547447e-03 
2.543520e-03 
2.539602e-03 
2.535693e-03 
2.531794e-03 
2.527904e-03 
2.524023e-03 
2.520152e-03 
2.516289e-03 
2.512436e-03 
2.508592e-03 
2.504757e-03 
2.500931e-03 
2.497114e-03 
2.493306e-03 
2.489507e-03 
2.485717e-03 
2.481936e-03 
2.478164e-03 
2.474401e-03 
2.470646e-03 
2.466901e-03 
2.463164e-03 
2.459436e-03 
2.455716e-03 
2.452006e-03 
2.448304e-03 
2.444611e-03 
2.440926e-03 
2.437250e-03 
2.433582e-03 
2.429923e-03 
2.426273e-03 
2.422631e-03 
2.418997e-03 
2.415372e-03 
2.411756e-03 
2.408147e-03 
2.404547e-03 
2.400956e-03 
2.397373e-03 
2.393798e-03 
2.390231e-03 
2.386672e-03 
2.383122e-03 
2.379580e-03 
2.376046e-03 
2.372520e-03 
2.369002e-03 
2.365493e-03 
2.361991e-03 
2.358497e-03 
2.355012e-03 
2.351534e-03 
2.348064e-03 
2.344603e-03 
2.341149e-03 
2.337703e-03 
2.334265e-03 
2.330834e-03 
2.327412e-03 
2.323997e-03 
2.320590e-03 
2.317191e-03 
2.313800e-03 
2.310416e-03 
2.307040e-03 
2.303671e-03 
2.300310e-03 
2.296957e-03 
2.293612e-03 
2.290273e-03 
2.286943e-03 
2.283620e-03 
2.280304e-03 
2.276996e-03 
2.273695e-03 
2.270370e-03 
2.266956e-03 
2.263550e-03 
2.260151e-03 
2.256761e-03 
2.253377e-03 
2.250002e-03 
2.246634e-03 
2.243274e-03 
2.239922e-03 
2.236577e-03 
2.233240e-03 
2.229910e-03 
2.226587e-03 
2.223272e-03 
2.219965e-03 
2.216665e-03 
2.213373e-03 
2.210087e-03 
2.206810e-03 
2.203539e-03 
2.200276e-03 
2.197020e-03 
2.193772e-03 
2.190530e-03 
2.187296e-03 
2.184070e-03 
2.180850e-03 
2.177638e-03 
2.174432e-03 
2.171234e-03 
2.168043e-03 
2.164859e-03 
2.161682e-03 
2.158512e-03 
2.155350e-03 
2.152194e-03 
2.149045e-03 
2.145903e-03 
2.142768e-03 
2.139640e-03 
2.136519e-03 
2.133405e-03 
2.130298e-03 
2.127197e-03 
2.124103e-03 
2.121016e-03 
2.117936e-03 
2.114863e-03 
2.111796e-03 
2.108737e-03 
2.105683e-03 
2.102637e-03 
2.099597e-03 
2.096564e-03 
2.093537e-03 
2.090517e-03 
2.087504e-03 
2.084497e-03 
2.081497e-03 
2.078503e-03 
2.075516e-03 
2.072535e-03 
2.069561e-03 
2.066593e-03 
2.063632e-03 
2.060677e-03 
2.057729e-03 
2.054787e-03 
2.051851e-03 
2.048921e-03 
2.045998e-03 
2.043081e-03 
2.040171e-03 
2.037267e-03 
2.034369e-03 
2.031477e-03 
2.028591e-03 
2.025712e-03 
2.022839e-03 
2.019972e-03 
2.017111e-03 
2.014256e-03 
2.011407e-03 
2.008565e-03 
2.005728e-03 
2.002898e-03 
2.000074e-03 
1.997255e-03 
1.994443e-03 
1.991637e-03 
1.988836e-03 
1.986042e-03 
1.983253e-03 
1.980471e-03 
1.977694e-03 
1.974923e-03 
1.972158e-03 
1.969399e-03 
1.966646e-03 
1.963899e-03 
1.961157e-03 
1.958421e-03 
1.955691e-03 
1.952967e-03 
1.950248e-03 
1.947536e-03 
1.944828e-03 
1.942127e-03 
1.939431e-03 
1.936741e-03 
1.934057e-03 
1.931378e-03 
1.928705e-03 
1.926037e-03 
1.923375e-03 
1.920719e-03 
1.918068e-03 
1.915422e-03 
1.912783e-03 
1.910148e-03 
1.907519e-03 
1.904896e-03 
1.902278e-03 
1.899666e-03 
1.897059e-03 
1.894457e-03 
1.891861e-03 
1.889270e-03 
1.886684e-03 
1.884104e-03 
1.881529e-03 
1.878960e-03 
1.876396e-03 
1.873837e-03 
1.871283e-03 
1.868735e-03 
1.866192e-03 
1.863654e-03 
1.861121e-03 
1.858594e-03 
1.856071e-03 
1.853554e-03 
1.851043e-03 
1.848536e-03 
1.846034e-03 
1.843538e-03 
1.841046e-03 
1.838560e-03 
1.836079e-03 
1.833603e-03 
1.831132e-03 
1.828665e-03 
1.826204e-03 
1.823748e-03 
1.821297e-03 
1.818851e-03 
1.816410e-03 
1.813974e-03 
1.811543e-03 
1.809117e-03 
1.806695e-03 
1.804279e-03 
1.801868e-03 
1.799461e-03 
1.797059e-03 
1.794662e-03 
1.792270e-03 
1.789883e-03 
1.787500e-03 
1.785123e-03 
1.782750e-03 
1.780382e-03 
1.778018e-03 
1.775660e-03 
1.773306e-03 
1.770957e-03 
1.768612e-03 
1.766273e-03 
1.763937e-03 
1.761607e-03 
1.759281e-03 
1.756960e-03 
1.754644e-03 
1.752332e-03 
1.750025e-03 
1.747722e-03 
1.745424e-03 
1.743131e-03 
1.740842e-03 
1.738557e-03 
1.736278e-03 
1.734002e-03 
1.731732e-03 
1.729465e-03 
1.727203e-03 
1.724946e-03 
1.722693e-03 
1.720445e-03 
1.718201e-03 
1.715961e-03 
1.713726e-03 
1.711496e-03 
1.709269e-03 
1.707047e-03 
1.704830e-03 
1.702617e-03 
1.700408e-03 
1.698203e-03 
1.696003e-03 
1.693807e-03 
1.691616e-03 
1.689428e-03 
1.687245e-03 
1.685067e-03 
1.682892e-03 
1.680722e-03 
1.678556e-03 
1.676394e-03 
1.674237e-03 
1.672083e-03 
1.669934e-03 
1.667789e-03 
1.665648e-03 
1.663512e-03 
1.661379e-03 
1.659251e-03 
1.657127e-03 
1.655007e-03 
1.652891e-03 
1.650775e-03 
1.648600e-03 
1.646430e-03 
1.644265e-03 
1.642103e-03 
1.639946e-03 
1.637792e-03 
1.635643e-03 
1.633499e-03 
1.631358e-03 
1.629222e-03 
1.627089e-03 
1.624961e-03 
1.622837e-03 
1.620717e-03 
1.618601e-03 
1.616490e-03 
1.614382e-03 
1.612278e-03 
1.610179e-03 
1.608083e-03 
1.605992e-03 
1.603905e-03 
1.601821e-03 
1.599742e-03 
1.597667e-03 
1.595595e-03 
1.593528e-03 
1.591465e-03 
1.589405e-03 
1.587350e-03 
1.585298e-03 
1.583250e-03 
1.581207e-03 
1.579167e-03 
1.577131e-03 
1.575099e-03 
1.573071e-03 
1.571047e-03 
1.569026e-03 
1.567010e-03 
1.564997e-03 
1.562988e-03 
1.560983e-03 
1.558982e-03 
1.556985e-03 
1.554991e-03 
1.553001e-03 
1.551015e-03 
1.549033e-03 
1.547054e-03 
1.545079e-03 
1.543108e-03 
1.541141e-03 
1.539177e-03 
1.537217e-03 
1.535261e-03 
1.533309e-03 
1.531360e-03 
1.529415e-03 
1.527473e-03 
1.525535e-03 
1.523601e-03 
1.521671e-03 
1.519744e-03 
1.517820e-03 
1.515901e-03 
1.513984e-03 
1.512072e-03 
1.510163e-03 
1.508258e-03 
1.506356e-03 
1.504457e-03 
1.502563e-03 
1.500671e-03 
1.498784e-03 
1.496900e-03 
1.495019e-03 
1.493142e-03 
1.491268e-03 
1.489398e-03 
1.487531e-03 
1.485668e-03 
1.483808e-03 
1.481952e-03 
1.480099e-03 
1.478250e-03 
1.476404e-03 
1.474561e-03 
1.472722e-03 
1.470886e-03 
1.469054e-03 
1.467225e-03 
1.465399e-03 
1.463577e-03 
1.461758e-03 
1.459942e-03 
1.458130e-03 
1.456321e-03 
1.454516e-03 
1.452714e-03 
1.450915e-03 
1.449119e-03 
1.447327e-03 
1.445538e-03 
1.443752e-03 
1.441969e-03 
1.440190e-03 
1.438414e-03 
1.436641e-03 
1.434872e-03 
1.433105e-03 
1.431342e-03 
1.429582e-03 
1.427826e-03 
1.426072e-03 
1.424322e-03 
1.422575e-03 
1.420831e-03 
1.419090e-03 
1.417353e-03 
1.415618e-03 
1.413887e-03 
1.412159e-03 
1.410434e-03 
1.408712e-03 
1.406993e-03 
1.405278e-03 
1.403565e-03 
1.401856e-03 
1.400149e-03 
1.398446e-03 
1.396746e-03 
1.395048e-03 
1.393354e-03 
1.391663e-03 
1.389975e-03 
1.388290e-03 
1.386608e-03 
1.384929e-03 
1.383253e-03 
1.381580e-03 
1.379910e-03 
1.378243e-03 
1.376579e-03 
1.374918e-03 
1.373260e-03 
1.371605e-03 
1.369953e-03 
1.368304e-03 
1.366658e-03 
1.365014e-03 
1.363374e-03 
1.361736e-03 
1.360102e-03 
1.358470e-03 
1.356841e-03 
1.355216e-03 
1.353593e-03 
1.351973e-03 
1.350355e-03 
1.348741e-03 
1.347130e-03 
1.345521e-03 
1.343915e-03 
1.342312e-03 
1.340712e-03 
1.339115e-03 
1.337520e-03 
1.335929e-03 
1.334340e-03 
1.332754e-03 
1.331170e-03 
1.329590e-03 
1.328012e-03 
1.326437e-03 
1.324865e-03 
1.323296e-03 
1.321729e-03 
1.320165e-03 
1.318604e-03 
1.317046e-03 
1.315490e-03 
1.313937e-03 
1.312387e-03 
1.310839e-03 
1.309294e-03 
1.307752e-03 
1.306212e-03 
1.304676e-03 
1.303142e-03 
1.301610e-03 
1.300081e-03 
1.298555e-03 
1.297032e-03 
1.295511e-03 
1.293993e-03 
1.292477e-03 
1.290964e-03 
1.289454e-03 
1.287946e-03 
1.286441e-03 
1.284939e-03 
1.283439e-03 
1.281942e-03 
1.280447e-03 
1.278955e-03 
1.277465e-03 
1.275978e-03 
1.274494e-03 
1.273012e-03 
1.271533e-03 
1.270056e-03 
1.268582e-03 
1.267110e-03 
1.265641e-03 
1.264174e-03 
1.262710e-03 
1.261249e-03 
1.259790e-03 
1.258333e-03 
1.256879e-03 
1.255427e-03 
1.253978e-03 
1.252531e-03 
1.251087e-03 
1.249645e-03 
1.248206e-03 
1.246769e-03 
1.245335e-03 
1.243903e-03 
1.242474e-03 
1.241047e-03 
1.239622e-03 
1.238200e-03 
1.236780e-03 
1.235363e-03 
1.233948e-03 
1.232535e-03 
1.231125e-03 
1.229717e-03 
1.228312e-03 
1.226909e-03 
1.225508e-03 
1.224110e-03 
1.222714e-03 
1.221320e-03 
1.219929e-03 
1.218540e-03 
1.217154e-03 
1.215769e-03 
1.214387e-03 
1.213008e-03 
1.211631e-03 
1.210256e-03 
1.208883e-03 
1.207513e-03 
1.206145e-03 
1.204779e-03 
1.203416e-03 
1.202055e-03 
1.200696e-03 
1.199339e-03 
1.197977e-03 
1.196590e-03 
1.195205e-03 
1.193823e-03 
1.192443e-03 
1.191065e-03 
1.189690e-03 
1.188316e-03 
1.186945e-03 
1.185577e-03 
1.184211e-03 
1.182847e-03 
1.181485e-03 
1.180125e-03 
1.178768e-03 
1.177413e-03 
1.176061e-03 
1.174710e-03 
1.173362e-03 
1.172016e-03 
1.170673e-03 
1.169331e-03 
1.167992e-03 
1.166655e-03 
1.165321e-03 
1.163988e-03 
1.162658e-03 
1.161330e-03 
1.160004e-03 
1.158680e-03 
1.157359e-03 
1.156040e-03 
1.154723e-03 
1.153408e-03 
1.152095e-03 
1.150784e-03 
1.149476e-03 
1.148170e-03 
1.146866e-03 
1.145564e-03 
1.144264e-03 
1.142966e-03 
1.141671e-03 
1.140378e-03 
1.139086e-03 
1.137797e-03 
1.136510e-03 
1.135226e-03 
1.133943e-03 
1.132662e-03 
1.131384e-03 
1.130107e-03 
1.128833e-03 
1.127561e-03 
1.126290e-03 
1.125022e-03 
1.123756e-03 
1.122492e-03 
1.121230e-03 
1.119971e-03 
1.118713e-03 
1.117457e-03 
1.116203e-03 
1.114952e-03 
1.113702e-03 
1.112455e-03 
1.111209e-03 
1.109966e-03 
1.108724e-03 
1.107485e-03 
1.106247e-03 
1.105012e-03 
1.103778e-03 
1.102547e-03 
1.101318e-03 
1.100090e-03 
1.098865e-03 
1.097641e-03 
1.096420e-03 
1.095200e-03 
1.093983e-03 
1.092767e-03 
1.091553e-03 
1.090342e-03 
1.089132e-03 
1.087924e-03 
1.086718e-03 
1.085515e-03 
1.084313e-03 
1.083113e-03 
1.081915e-03 
1.080718e-03 
1.079524e-03 
1.078332e-03 
1.077141e-03 
1.075953e-03 
1.074766e-03 
1.073582e-03 
1.072399e-03 
1.071218e-03 
1.070039e-03 
1.068862e-03 
1.067687e-03 
1.066513e-03 
1.065342e-03 
1.064172e-03 
1.063004e-03 
1.061838e-03 
1.060674e-03 
1.059512e-03 
1.058352e-03 
1.057193e-03 
1.056037e-03 
1.054882e-03 
1.053729e-03 
1.052578e-03 
1.051428e-03 
1.050281e-03 
1.049135e-03 
1.047991e-03 
1.046849e-03 
1.045709e-03 
1.044570e-03 
1.043434e-03 
1.042299e-03 
1.041166e-03 
1.040034e-03 
1.038905e-03 
1.037777e-03 
1.036651e-03 
1.035527e-03 
1.034404e-03 
1.033284e-03 
1.032165e-03 
1.031048e-03 
1.029932e-03 
1.028819e-03 
1.027707e-03 
1.026597e-03 
1.025488e-03 
1.024382e-03 
1.023277e-03 
1.022173e-03 
1.021072e-03 
1.019972e-03 
1.018874e-03 
1.017778e-03 
1.016683e-03 
1.015590e-03 
1.014499e-03 
1.013410e-03 
1.012322e-03 
1.011236e-03 
1.010151e-03 
1.009069e-03 
1.007988e-03 
1.006908e-03 
1.005830e-03 
1.004754e-03 
1.003680e-03 
1.002607e-03 
1.001536e-03 
1.000467e-03 
9.993993e-04 
9.983332e-04 
9.972688e-04 
9.962061e-04 
9.951449e-04 
9.940855e-04 
9.930276e-04 
9.919714e-04 
9.909168e-04 
9.898639e-04 
9.888125e-04 
9.877628e-04 
9.867147e-04 
9.856682e-04 
9.846233e-04 
9.835801e-04 
9.825384e-04 
9.814983e-04 
9.804598e-04 
9.794230e-04 
9.783877e-04 
9.773540e-04 
9.763218e-04 
9.752913e-04 
9.742623e-04 
9.732349e-04 
9.722091e-04 
9.711849e-04 
9.701622e-04 
9.691410e-04 
9.681215e-04 
9.671034e-04 
9.660870e-04 
9.650721e-04 
9.640587e-04 
9.630468e-04 
9.620366e-04 
9.610278e-04 
9.600206e-04 
9.590149e-04 
9.580107e-04 
9.570081e-04 
9.560069e-04 
9.550073e-04 
9.540092e-04 
9.530127e-04 
9.520176e-04 
9.510240e-04 
9.500320e-04 
9.490414e-04 
9.480523e-04 
9.470648e-04 
9.460787e-04 
9.450941e-04 
9.441110e-04 
9.431293e-04 
9.421492e-04 
9.411705e-04 
9.401933e-04 
9.392176e-04 
9.382433e-04 
9.372705e-04 
9.362992e-04 
9.353293e-04 
9.343608e-04 
9.333939e-04 
9.324283e-04 
9.314643e-04 
9.305016e-04 
9.295404e-04 
9.285807e-04 
9.276223e-04 
9.266655e-04 
9.257100e-04 
9.247560e-04 
9.238034e-04 
9.228522e-04 
9.219024e-04 
9.209540e-04 
9.200071e-04 
9.190616e-04 
9.181174e-04 
9.171747e-04 
9.162334e-04 
9.152935e-04 
9.143549e-04 
9.134178e-04 
9.124821e-04 
9.115477e-04 
9.106148e-04 
9.096832e-04 
9.087530e-04 
9.078241e-04 
9.068967e-04 
9.059706e-04 
9.050459e-04 
9.041225e-04 
9.032006e-04 
9.022799e-04 
9.013607e-04 
9.004428e-04 
8.995262e-04 
8.986110e-04 
8.976971e-04 
8.967846e-04 
8.958735e-04 
8.949636e-04 
8.940551e-04 
8.931480e-04 
8.922422e-04 
8.913377e-04 
8.904345e-04 
8.895326e-04 
8.886321e-04 
8.877329e-04 
8.868350e-04 
8.859385e-04 
8.850432e-04 
8.841492e-04 
8.832566e-04 
8.823653e-04 
8.814752e-04 
8.805865e-04 
8.796990e-04 
8.788129e-04 
8.779280e-04 
8.770445e-04 
8.761622e-04 
8.752812e-04 
8.744015e-04 
8.735230e-04 
8.726459e-04 
8.717700e-04 
8.708712e-04 
8.699677e-04 
8.690656e-04 
8.681647e-04 
8.672652e-04 
8.663670e-04 
8.654701e-04 
8.645746e-04 
8.636803e-04 
8.627874e-04 
8.618957e-04 
8.610054e-04 
8.601163e-04 
8.592285e-04 
8.583421e-04 
8.574569e-04 
8.565730e-04 
8.556904e-04 
8.548091e-04 
8.539291e-04 
8.530504e-04 
8.521729e-04 
8.512967e-04 
8.504218e-04 
8.495481e-04 
8.486757e-04 
8.478046e-04 
8.469347e-04 
8.460661e-04 
8.451988e-04 
8.443327e-04 
8.434678e-04 
8.426043e-04 
8.417419e-04 
8.408808e-04 
8.400210e-04 
8.391624e-04 
8.383050e-04 
8.374489e-04 
8.365940e-04 
8.357403e-04 
8.348878e-04 
8.340366e-04 
8.331866e-04 
8.323379e-04 
8.314903e-04 
8.306440e-04 
8.297989e-04 
8.289550e-04 
8.281123e-04 
8.272708e-04 
8.264305e-04 
8.255915e-04 
8.247536e-04 
8.239169e-04 
8.230814e-04 
8.222472e-04 
8.214141e-04 
8.205822e-04 
8.197515e-04 
8.189219e-04 
8.180936e-04 
8.172664e-04 
8.164405e-04 
8.156157e-04 
8.147920e-04 
8.139696e-04 
8.131483e-04 
8.123282e-04 
8.115092e-04 
8.106914e-04 
8.098748e-04 
8.090593e-04 
8.082450e-04 
8.074319e-04 
8.066199e-04 
8.058090e-04 
8.049993e-04 
8.041908e-04 
8.033834e-04 
8.025771e-04 
8.017720e-04 
8.009680e-04 
8.001651e-04 
7.993634e-04 
7.985628e-04 
7.977634e-04 
7.969650e-04 
7.961678e-04 
7.953718e-04 
7.945768e-04 
7.937830e-04 
7.929902e-04 
7.921986e-04 
7.914081e-04 
7.906188e-04 
7.898305e-04 
7.890433e-04 
7.882572e-04 
7.874723e-04 
7.866884e-04 
7.859057e-04 
7.851240e-04 
7.843434e-04 
7.835640e-04 
7.827856e-04 
7.820083e-04 
7.812321e-04 
7.804569e-04 
7.796829e-04 
7.789099e-04 
7.781381e-04 
7.773672e-04 
7.765975e-04 
7.758289e-04 
7.750613e-04 
7.742947e-04 
7.735293e-04 
7.727649e-04 
7.720016e-04 
7.712393e-04 
7.704781e-04 
7.697180e-04 
7.689589e-04 
7.682008e-04 
7.674439e-04 
7.666879e-04 
7.659330e-04 
7.651792e-04 
7.644264e-04 
7.636746e-04 
7.629239e-04 
7.621742e-04 
7.614256e-04 
7.606780e-04 
7.599314e-04 
7.591859e-04 
7.584413e-04 
7.576978e-04 
7.569554e-04 
7.562139e-04 
7.554735e-04 
7.547341e-04 
7.539957e-04 
7.532584e-04 
7.525220e-04 
7.517867e-04 
7.510523e-04 
7.503190e-04 
7.495867e-04 
7.488554e-04 
7.481251e-04 
7.473958e-04 
7.466675e-04 
7.459402e-04 
7.452139e-04 
7.444885e-04 
7.437642e-04 
7.430409e-04 
7.423185e-04 
7.415972e-04 
7.408768e-04 
7.401574e-04 
7.394390e-04 
7.387215e-04 
7.380051e-04 
7.372896e-04 
7.365751e-04 
7.358616e-04 
7.351490e-04 
7.344374e-04 
7.337268e-04 
7.330172e-04 
7.323085e-04 
7.316007e-04 
7.308940e-04 
7.301882e-04 
7.294833e-04 
7.287794e-04 
7.280765e-04 
7.273745e-04 
7.266735e-04 
7.259734e-04 
7.252742e-04 
7.245760e-04 
7.238788e-04 
7.231825e-04 
7.224871e-04 
7.217927e-04 
7.210992e-04 
7.204066e-04 
7.197150e-04 
7.190243e-04 
7.183345e-04 
7.176457e-04 
7.169578e-04 
7.162708e-04 
7.155848e-04 
7.148996e-04 
7.142154e-04 
7.135321e-04 
7.128497e-04 
7.121683e-04 
7.114877e-04 
7.108081e-04 
7.101294e-04 
7.094516e-04 
7.087747e-04 
7.080987e-04 
7.074236e-04 
7.067494e-04 
7.060761e-04 
7.054037e-04 
7.047322e-04 
7.040616e-04 
7.033919e-04 
7.027231e-04 
7.020552e-04 
7.013882e-04 
7.007220e-04 
7.000568e-04 
6.993924e-04 
6.987289e-04 
6.980664e-04 
6.974046e-04 
6.967438e-04 
6.960838e-04 
6.954248e-04 
6.947666e-04 
6.941092e-04 
6.934528e-04 
6.927972e-04 
6.921425e-04 
6.914886e-04 
6.908356e-04 
6.901835e-04 
6.895323e-04 
6.888819e-04 
6.882323e-04 
6.875836e-04 
6.869358e-04 
6.862889e-04 
6.856427e-04 
6.849975e-04 
6.843531e-04 
6.837095e-04 
6.830668e-04 
6.824249e-04 
6.817839e-04 
6.811438e-04 
6.805044e-04 
6.798659e-04 
6.792283e-04 
6.785915e-04 
6.779555e-04 
6.773203e-04 
6.766860e-04 
6.760526e-04 
6.754199e-04 
6.747881e-04 
6.741571e-04 
6.735269e-04 
6.728976e-04 
6.722691e-04 
6.716414e-04 
6.710145e-04 
6.703885e-04 
6.697632e-04 
6.691388e-04 
6.685152e-04 
6.678924e-04 
6.672704e-04 
6.666493e-04 
6.660289e-04 
6.654094e-04 
6.647906e-04 
6.641727e-04 
6.635556e-04 
6.629392e-04 
6.623237e-04 
6.617090e-04 
6.610951e-04 
6.604819e-04 
6.598696e-04 
6.592581e-04 
6.586473e-04 
6.580374e-04 
6.574282e-04 
6.568198e-04 
6.562122e-04 
6.556054e-04 
6.549812e-04 
6.543389e-04 
6.536975e-04 
6.530569e-04 
6.524172e-04 
6.517783e-04 
6.511402e-04 
6.505030e-04 
6.498666e-04 
6.492310e-04 
6.485963e-04 
6.479624e-04 
6.473293e-04 
6.466971e-04 
6.460656e-04 
6.454351e-04 
6.448053e-04 
6.441764e-04 
6.435482e-04 
6.429209e-04 
6.422945e-04 
6.416688e-04 
6.410440e-04 
6.404199e-04 
6.397967e-04 
6.391743e-04 
6.385527e-04 
6.379319e-04 
6.373119e-04 
6.366928e-04 
6.360744e-04 
6.354568e-04 
6.348401e-04 
6.342241e-04 
6.336090e-04 
6.329946e-04 
6.323810e-04 
6.317683e-04 
6.311563e-04 
6.305451e-04 
6.299347e-04 
6.293251e-04 
6.287163e-04 
6.281083e-04 
6.275010e-04 
6.268946e-04 
6.262889e-04 
6.256840e-04 
6.250799e-04 
6.244766e-04 
6.238741e-04 
6.232723e-04 
6.226713e-04 
6.220711e-04 
6.214716e-04 
6.208730e-04 
6.202750e-04 
6.196779e-04 
6.190815e-04 
6.184859e-04 
6.178911e-04 
6.172970e-04 
6.167037e-04 
6.161112e-04 
6.155194e-04 
6.149284e-04 
6.143381e-04 
6.137486e-04 
6.131598e-04 
6.125718e-04 
6.119846e-04 
6.113981e-04 
6.108123e-04 
6.102273e-04 
6.096431e-04 
6.090596e-04 
6.084768e-04 
6.078948e-04 
6.073135e-04 
6.067330e-04 
6.061532e-04 
6.055742e-04 
6.049959e-04 
6.044183e-04 
6.038414e-04 
6.032653e-04 
6.026900e-04 
6.021153e-04 
6.015414e-04 
6.009682e-04 
6.003958e-04 
5.998241e-04 
5.992531e-04 
5.986828e-04 
5.981132e-04 
5.975444e-04 
5.969763e-04 
5.964089e-04 
5.958422e-04 
5.952763e-04 
5.947111e-04 
5.941465e-04 
5.935827e-04 
5.930196e-04 
5.924572e-04 
5.918956e-04 
5.913346e-04 
5.907744e-04 
5.902148e-04 
5.896560e-04 
5.890978e-04 
5.885404e-04 
5.879837e-04 
5.874276e-04 
5.868723e-04 
5.863177e-04 
5.857637e-04 
5.852105e-04 
5.846580e-04 
5.841061e-04 
5.835550e-04 
5.830045e-04 
5.824547e-04 
5.819057e-04 
5.813573e-04 
5.808096e-04 
5.802626e-04 
5.797162e-04 
5.791706e-04 
5.786256e-04 
5.780813e-04 
5.775377e-04 
5.769948e-04 
5.764526e-04 
5.759110e-04 
5.753701e-04 
5.748299e-04 
5.742904e-04 
5.737515e-04 
5.732133e-04 
5.726758e-04 
5.721389e-04 
5.716027e-04 
5.710672e-04 
5.705324e-04 
5.699982e-04 
5.694647e-04 
5.689318e-04 
5.683996e-04 
5.678681e-04 
5.673372e-04 
5.668070e-04 
5.662775e-04 
5.657486e-04 
5.652203e-04 
5.646927e-04 
5.641658e-04 
5.636395e-04 
5.631139e-04 
5.625889e-04 
5.620646e-04 
5.615409e-04 
5.610179e-04 
5.604955e-04 
5.599738e-04 
5.594527e-04 
5.589322e-04 
5.584124e-04 
5.578933e-04 
5.573747e-04 
5.568569e-04 
5.563396e-04 
5.558230e-04 
5.553070e-04 
5.547917e-04 
5.542770e-04 
5.537629e-04 
5.532495e-04 
5.527367e-04 
5.522245e-04 
5.517129e-04 
5.512020e-04 
5.506917e-04 
5.501821e-04 
5.496730e-04 
5.491646e-04 
5.486568e-04 
5.481496e-04 
5.476431e-04 
5.471372e-04 
5.466319e-04 
5.461272e-04 
5.456231e-04 
5.451196e-04 
5.446168e-04 
5.441146e-04 
5.436130e-04 
5.431120e-04 
5.426116e-04 
5.421118e-04 
5.416126e-04 
5.411141e-04 
5.406161e-04 
5.401188e-04 
5.396220e-04 
5.391259e-04 
5.386303e-04 
5.381354e-04 
5.376411e-04 
5.371474e-04 
5.366542e-04 
5.361617e-04 
5.356698e-04 
5.351784e-04 
5.346877e-04 
5.341976e-04 
5.337080e-04 
5.332191e-04 
5.327307e-04 
5.322429e-04 
5.317558e-04 
5.312692e-04 
5.307606e-04 
5.302272e-04 
5.296945e-04 
5.291624e-04 
5.286310e-04 
5.281003e-04 
5.275702e-04 
5.270408e-04 
5.265120e-04 
5.259839e-04 
5.254564e-04 
5.249296e-04 
5.244034e-04 
5.238779e-04 
5.233530e-04 
5.228287e-04 
5.223052e-04 
5.217822e-04 
5.212599e-04 
5.207383e-04 
5.202173e-04 
5.196969e-04 
5.191772e-04 
5.186581e-04 
5.181396e-04 
5.176218e-04 
5.171046e-04 
5.165881e-04 
5.160721e-04 
5.155569e-04 
5.150422e-04 
5.145282e-04 
5.140148e-04 
5.135020e-04 
5.129899e-04 
5.124784e-04 
5.119675e-04 
5.114573e-04 
5.109476e-04 
5.104386e-04 
5.099302e-04 
5.094225e-04 
5.089153e-04 
5.084088e-04 
5.079029e-04 
5.073976e-04 
5.068929e-04 
5.063889e-04 
5.058854e-04 
5.053826e-04 
5.048804e-04 
5.043788e-04 
5.038778e-04 
5.033774e-04 
5.028776e-04 
5.023784e-04 
5.018799e-04 
5.013819e-04 
5.008845e-04 
5.003878e-04 
4.998916e-04 
4.993961e-04 
4.989011e-04 
4.984068e-04 
4.979131e-04 
4.974199e-04 
4.969274e-04 
4.964354e-04 
4.959440e-04 
4.954533e-04 
4.949631e-04 
4.944735e-04 
4.939845e-04 
4.934961e-04 
4.930083e-04 
4.925211e-04 
4.920345e-04 
4.915484e-04 
4.910630e-04 
4.905781e-04 
4.900938e-04 
4.896101e-04 
4.891270e-04 
4.886445e-04 
4.881625e-04 
4.876811e-04 
4.872003e-04 
4.867201e-04 
4.862405e-04 
4.857614e-04 
4.852829e-04 
4.848050e-04 
4.843276e-04 
4.838509e-04 
4.833747e-04 
4.828991e-04 
4.824240e-04 
4.819495e-04 
4.814756e-04 
4.810022e-04 
4.805295e-04 
4.800572e-04 
4.795856e-04 
4.791145e-04 
4.786440e-04 
4.781740e-04 
4.777046e-04 
4.772358e-04 
4.767675e-04 
4.762998e-04 
4.758326e-04 
4.753660e-04 
4.748999e-04 
4.744345e-04 
4.739695e-04 
4.735051e-04 
4.730413e-04 
4.725780e-04 
4.721153e-04 
4.716531e-04 
4.711915e-04 
4.707304e-04 
4.702699e-04 
4.698099e-04 
4.693504e-04 
4.688916e-04 
4.684332e-04 
4.679754e-04 
4.675181e-04 
4.670614e-04 
4.666052e-04 
4.661496e-04 
4.656945e-04 
4.652400e-04 
4.647859e-04 
4.643325e-04 
4.638795e-04 
4.634271e-04 
4.629752e-04 
4.625239e-04 
4.620731e-04 
4.616228e-04 
4.611731e-04 
4.607239e-04 
4.601971e-04 
4.596670e-04 
4.591375e-04 
4.586086e-04 
4.580803e-04 
4.575528e-04 
4.570258e-04 
4.564995e-04 
4.559739e-04 
4.554488e-04 
4.549245e-04 
4.544007e-04 
4.538776e-04 
4.533551e-04 
4.528333e-04 
4.523121e-04 
4.517916e-04 
4.512716e-04 
4.507523e-04 
4.502337e-04 
4.497156e-04 
4.491982e-04 
4.486814e-04 
4.481653e-04 
4.476497e-04 
4.471348e-04 
4.466206e-04 
4.461069e-04 
4.455939e-04 
4.450815e-04 
4.445697e-04 
4.440585e-04 
4.435480e-04 
4.430380e-04 
4.425287e-04 
4.420200e-04 
4.415119e-04 
4.410044e-04 
4.404976e-04 
4.399913e-04 
4.394857e-04 
4.389807e-04 
4.384762e-04 
4.088538e-03 
4.060004e-03 
4.031781e-03 
4.003865e-03 
3.976251e-03 
3.948935e-03 
3.921913e-03 
3.895179e-03 
3.868731e-03 
3.842564e-03 
3.816674e-03 
3.791056e-03 
3.765708e-03 
3.740625e-03 
3.715803e-03 
3.691239e-03 
3.666928e-03 
3.642869e-03 
3.619056e-03 
3.595487e-03 
3.572158e-03 
3.549066e-03 
3.526207e-03 
3.503579e-03 
3.481178e-03 
3.459001e-03 
3.437045e-03 
3.415307e-03 
3.393784e-03 
3.372474e-03 
3.351373e-03 
3.330478e-03 
3.309787e-03 
3.289298e-03 
3.269007e-03 
3.248912e-03 
3.229010e-03 
3.209299e-03 
3.189776e-03 
3.170439e-03 
3.151286e-03 
3.132314e-03 
3.113520e-03 
3.094903e-03 
3.076460e-03 
3.058189e-03 
3.040088e-03 
3.022155e-03 
3.004387e-03 
2.986783e-03 
2.969415e-03 
3.054018e-03 
3.140745e-03 
3.229642e-03 
3.320756e-03 
3.414135e-03 
3.509827e-03 
3.607882e-03 
4.238782e-03 
4.356518e-03 
4.477134e-03 
4.600690e-03 
5.010517e-03 
5.147885e-03 
5.288568e-03 
5.432637e-03 
5.580160e-03 
5.731209e-03 
5.885858e-03 
6.044179e-03 
6.206249e-03 
6.372145e-03 
6.541943e-03 
6.715723e-03 
6.893567e-03 
7.075555e-03 
7.261771e-03 
7.452301e-03 
7.647229e-03 
7.846645e-03 
8.050637e-03 
8.259295e-03 
8.472712e-03 
8.690982e-03 
8.914200e-03 
9.142463e-03 
9.375868e-03 
9.614517e-03 
9.858511e-03 
1.010795e-02 
1.036295e-02 
1.062360e-02 
1.089003e-02 
1.116233e-02 
1.144062e-02 
1.172502e-02 
1.201563e-02 
1.231259e-02 
1.261600e-02 
1.292599e-02 
1.324232e-02 
1.323942e-02 
1.323652e-02 
1.323363e-02 
1.323075e-02 
1.322788e-02 
1.322502e-02 
1.322217e-02 
1.321932e-02 
1.321649e-02 
1.321366e-02 
1.321084e-02 
1.320803e-02 
1.320523e-02 
1.320243e-02 
1.319965e-02 
1.319687e-02 
1.319410e-02 
1.319134e-02 
1.318859e-02 
1.318584e-02 
1.318311e-02 
1.318038e-02 
1.317766e-02 
1.317494e-02 
1.317224e-02 
1.316954e-02 
1.316685e-02 
1.316417e-02 
1.316150e-02 
1.315883e-02 
1.315617e-02 
1.315352e-02 
1.315088e-02 
1.314824e-02 
1.314561e-02 
1.314299e-02 
1.314037e-02 
1.313777e-02 
1.313517e-02 
1.313257e-02 
1.312999e-02 
1.312741e-02 
1.312484e-02 
1.312228e-02 
1.311972e-02 
1.311717e-02 
1.311462e-02 
1.311209e-02 
1.310956e-02 
1.310690e-02 
1.302703e-02 
1.294785e-02 
1.286935e-02 
1.279151e-02 
1.271434e-02 
1.263782e-02 
1.256195e-02 
1.248672e-02 
1.241212e-02 
1.233814e-02 
1.226479e-02 
1.219205e-02 
1.211992e-02 
1.204838e-02 
1.197744e-02 
1.190709e-02 
1.183731e-02 
1.176812e-02 
1.169949e-02 
1.163142e-02 
1.156391e-02 
1.149695e-02 
1.143053e-02 
1.136465e-02 
1.129931e-02 
1.123450e-02 
1.117020e-02 
1.110643e-02 
1.104317e-02 
1.098041e-02 
1.091815e-02 
1.085639e-02 
1.079512e-02 
1.073434e-02 
1.067404e-02 
1.061421e-02 
1.055486e-02 
1.049597e-02 
1.043754e-02 
1.037958e-02 
1.032206e-02 
1.026499e-02 
1.020837e-02 
1.015218e-02 
1.009643e-02 
1.004111e-02 
9.986211e-03 
9.931738e-03 
9.877682e-03 
9.824040e-03 
9.770824e-03 
9.718013e-03 
9.665604e-03 
9.613591e-03 
9.561972e-03 
9.510743e-03 
9.459900e-03 
9.409438e-03 
9.359355e-03 
9.309647e-03 
9.260310e-03 
9.211340e-03 
9.162735e-03 
9.114490e-03 
9.066602e-03 
9.019068e-03 
8.971884e-03 
8.925047e-03 
8.878554e-03 
8.832401e-03 
8.786586e-03 
8.741105e-03 
8.695955e-03 
8.651132e-03 
8.606635e-03 
8.562459e-03 
8.518602e-03 
8.475061e-03 
8.431833e-03 
8.388914e-03 
8.346303e-03 
8.303996e-03 
8.261991e-03 
8.220284e-03 
8.178873e-03 
8.137756e-03 
8.096929e-03 
8.056391e-03 
8.016137e-03 
7.976167e-03 
7.936476e-03 
7.897064e-03 
7.857926e-03 
7.819061e-03 
7.780467e-03 
7.742140e-03 
8.164489e-03 
8.124470e-03 
8.084726e-03 
8.045256e-03 
8.008835e-03 
7.972654e-03 
7.936708e-03 
7.900994e-03 
7.865512e-03 
7.830259e-03 
7.795233e-03 
7.760432e-03 
7.725855e-03 
7.691499e-03 
7.657363e-03 
7.623444e-03 
7.589742e-03 
7.556254e-03 
7.522978e-03 
7.489913e-03 
7.457057e-03 
7.424408e-03 
7.391965e-03 
7.359725e-03 
7.327688e-03 
7.733394e-03 
7.699861e-03 
7.666537e-03 
7.633421e-03 
7.600510e-03 
7.567803e-03 
7.535299e-03 
7.502995e-03 
7.470890e-03 
7.438983e-03 
7.407272e-03 
7.375755e-03 
7.344432e-03 
7.313299e-03 
7.282356e-03 
7.251601e-03 
7.221033e-03 
7.190651e-03 
7.160452e-03 
7.130436e-03 
7.100600e-03 
7.070944e-03 
7.041466e-03 
7.012165e-03 
6.983039e-03 
6.954087e-03 
6.925308e-03 
6.896700e-03 
6.868262e-03 
6.839997e-03 
6.811899e-03 
6.783968e-03 
6.756201e-03 
6.728597e-03 
6.701156e-03 
6.673875e-03 
6.646755e-03 
6.619792e-03 
6.592987e-03 
6.566339e-03 
6.539845e-03 
6.513504e-03 
6.487317e-03 
6.461280e-03 
6.435394e-03 
6.409658e-03 
6.384069e-03 
6.358627e-03 
6.333331e-03 
6.308179e-03 
6.283172e-03 
6.258307e-03 
6.233583e-03 
6.209000e-03 
6.184556e-03 
6.160251e-03 
6.136083e-03 
6.112051e-03 
6.088155e-03 
6.064393e-03 
6.040765e-03 
6.017269e-03 
5.993904e-03 
5.970670e-03 
5.947565e-03 
5.924589e-03 
5.901741e-03 
5.879019e-03 
5.856423e-03 
5.833952e-03 
5.811605e-03 
5.789382e-03 
5.767280e-03 
5.745300e-03 
5.723440e-03 
5.701700e-03 
5.680079e-03 
5.658575e-03 
5.637189e-03 
5.610426e-03 
5.583833e-03 
5.557410e-03 
5.531155e-03 
5.505068e-03 
5.479146e-03 
5.453389e-03 
5.427795e-03 
5.402363e-03 
5.377092e-03 
5.351980e-03 
5.327026e-03 
5.302229e-03 
5.277588e-03 
5.253101e-03 
5.228767e-03 
5.204585e-03 
5.180554e-03 
5.156672e-03 
5.132939e-03 
5.109353e-03 
5.085913e-03 
5.062618e-03 
5.039467e-03 
5.016458e-03 
4.993591e-03 
4.970865e-03 
4.948278e-03 
5.214266e-03 
5.190643e-03 
5.167165e-03 
5.143830e-03 
5.120638e-03 
5.097586e-03 
5.074674e-03 
5.051901e-03 
5.029265e-03 
5.006767e-03 
4.984404e-03 
4.962175e-03 
4.940080e-03 
4.918118e-03 
4.896288e-03 
4.874588e-03 
4.853018e-03 
4.831576e-03 
4.810262e-03 
4.789075e-03 
4.768014e-03 
4.747077e-03 
4.725840e-03 
4.704730e-03 
4.683747e-03 
4.662889e-03 
4.642156e-03 
4.621546e-03 
4.601060e-03 
4.580694e-03 
4.560450e-03 
4.540326e-03 
4.520321e-03 
4.500434e-03 
4.480665e-03 
4.461012e-03 
4.441474e-03 
4.422052e-03 
4.402743e-03 
4.383547e-03 
4.364464e-03 
4.345492e-03 
4.326630e-03 
4.307878e-03 
4.289236e-03 
4.270701e-03 
4.252274e-03 
4.233954e-03 
4.215739e-03 
4.197630e-03 
4.179625e-03 
4.161723e-03 
4.143924e-03 
4.126228e-03 
4.108632e-03 
4.091138e-03 
4.073743e-03 
4.056448e-03 
4.039250e-03 
4.022151e-03 
4.005149e-03 
3.988243e-03 
3.971433e-03 
3.954718e-03 
3.938097e-03 
3.921570e-03 
3.905136e-03 
3.888795e-03 
3.872545e-03 
3.856386e-03 
3.840318e-03 
3.824339e-03 
3.807897e-03 
3.791550e-03 
3.775295e-03 
3.759134e-03 
3.743064e-03 
3.727086e-03 
3.711198e-03 
3.695401e-03 
3.679693e-03 
3.664073e-03 
3.648542e-03 
3.633099e-03 
3.617742e-03 
3.602471e-03 
3.587287e-03 
3.572187e-03 
3.557172e-03 
3.542241e-03 
3.527393e-03 
3.512628e-03 
3.497946e-03 
3.483344e-03 
3.468824e-03 
3.454385e-03 
3.440025e-03 
3.425745e-03 
3.411543e-03 
3.397420e-03 
3.383375e-03 
3.369406e-03 
3.355515e-03 
3.341699e-03 
3.327960e-03 
3.314295e-03 
3.300705e-03 
3.287189e-03 
3.273747e-03 
3.260378e-03 
3.247081e-03 
3.233857e-03 
3.220704e-03 
3.207622e-03 
3.194611e-03 
3.181670e-03 
3.168799e-03 
3.155997e-03 
3.143264e-03 
3.130599e-03 
3.118003e-03 
3.105473e-03 
3.093011e-03 
3.080615e-03 
3.068285e-03 
3.056020e-03 
3.043821e-03 
3.031687e-03 
3.019617e-03 
3.007611e-03 
2.995668e-03 
2.983788e-03 
2.971972e-03 
2.960217e-03 
2.948524e-03 
2.936893e-03 
2.925322e-03 
2.913813e-03 
2.902363e-03 
2.890973e-03 
2.879643e-03 
2.868372e-03 
2.857159e-03 
2.846005e-03 
2.834909e-03 
2.823870e-03 
2.812889e-03 
2.801964e-03 
2.791095e-03 
2.780283e-03 
2.769527e-03 
2.758825e-03 
2.748179e-03 
2.737588e-03 
2.727050e-03 
2.716567e-03 
2.706137e-03 
2.695761e-03 
2.685437e-03 
2.675166e-03 
2.664947e-03 
2.654781e-03 
2.644665e-03 
2.634601e-03 
2.624588e-03 
2.614626e-03 
2.604714e-03 
2.594852e-03 
2.585039e-03 
2.575276e-03 
2.565562e-03 
2.555896e-03 
2.545985e-03 
2.536124e-03 
2.526314e-03 
2.516554e-03 
2.506843e-03 
2.497182e-03 
2.487570e-03 
2.478007e-03 
2.468493e-03 
2.459027e-03 
2.449608e-03 
2.440238e-03 
2.430914e-03 
2.421638e-03 
2.412408e-03 
2.403225e-03 
2.394088e-03 
2.384997e-03 
2.375952e-03 
2.366951e-03 
2.357996e-03 
2.349086e-03 
2.340220e-03 
2.331398e-03 
2.322620e-03 
2.313885e-03 
2.305195e-03 
2.296547e-03 
2.287942e-03 
2.279379e-03 
2.270859e-03 
2.262381e-03 
2.253945e-03 
2.245550e-03 
2.237197e-03 
2.228884e-03 
2.220613e-03 
2.212381e-03 
2.204191e-03 
2.196040e-03 
2.187929e-03 
2.179857e-03 
2.171825e-03 
2.163832e-03 
2.155878e-03 
2.147962e-03 
2.140085e-03 
2.132246e-03 
2.124445e-03 
2.116681e-03 
2.108955e-03 
2.101267e-03 
2.093615e-03 
2.086000e-03 
2.078422e-03 
2.070880e-03 
2.063374e-03 
2.055904e-03 
2.048469e-03 
2.041071e-03 
2.033707e-03 
2.026379e-03 
2.019085e-03 
2.011826e-03 
2.004602e-03 
1.997412e-03 
1.990256e-03 
1.983133e-03 
1.976045e-03 
1.968990e-03 
1.961968e-03 
1.954979e-03 
1.948023e-03 
1.941100e-03 
1.934209e-03 
1.927351e-03 
1.920524e-03 
1.913730e-03 
1.906967e-03 
1.900236e-03 
1.893536e-03 
1.886868e-03 
1.880230e-03 
1.873624e-03 
1.867048e-03 
1.860502e-03 
1.853987e-03 
1.847502e-03 
1.841046e-03 
1.834621e-03 
1.828225e-03 
1.821859e-03 
1.815522e-03 
1.809214e-03 
1.802935e-03 
1.796685e-03 
1.790463e-03 
1.784270e-03 
1.778105e-03 
1.771982e-03 
1.769007e-03 
1.766040e-03 
1.763082e-03 
1.760132e-03 
1.757190e-03 
1.754257e-03 
1.751331e-03 
1.748414e-03 
1.745504e-03 
1.742603e-03 
1.739710e-03 
1.736824e-03 
1.733947e-03 
1.731077e-03 
1.728216e-03 
1.725362e-03 
1.722516e-03 
1.719678e-03 
1.716847e-03 
1.714024e-03 
1.711209e-03 
1.708402e-03 
1.705602e-03 
1.702810e-03 
1.700026e-03 
1.697249e-03 
1.694479e-03 
1.691717e-03 
1.688963e-03 
1.686216e-03 
1.683476e-03 
1.680744e-03 
1.678019e-03 
1.675302e-03 
1.672592e-03 
1.669889e-03 
1.667193e-03 
1.664504e-03 
1.661823e-03 
1.659149e-03 
1.656482e-03 
1.653822e-03 
1.651169e-03 
1.648524e-03 
1.645885e-03 
1.643253e-03 
1.640629e-03 
1.638011e-03 
1.635400e-03 
1.632796e-03 
1.630199e-03 
1.627609e-03 
1.625026e-03 
1.622449e-03 
1.619879e-03 
1.617316e-03 
1.614760e-03 
1.612211e-03 
1.609668e-03 
1.607131e-03 
1.604602e-03 
1.602079e-03 
1.599562e-03 
1.597053e-03 
1.594549e-03 
1.592052e-03 
1.589562e-03 
1.587078e-03 
1.584601e-03 
1.582130e-03 
1.579665e-03 
1.577207e-03 
1.574755e-03 
1.572310e-03 
1.569870e-03 
1.567437e-03 
1.565011e-03 
1.562590e-03 
1.560176e-03 
1.557768e-03 
1.555366e-03 
1.552970e-03 
1.550580e-03 
1.548197e-03 
1.545819e-03 
1.543448e-03 
1.541082e-03 
1.538723e-03 
1.536370e-03 
1.534022e-03 
1.531681e-03 
1.529345e-03 
1.527016e-03 
1.524692e-03 
1.522374e-03 
1.520062e-03 
1.517756e-03 
1.515456e-03 
1.513161e-03 
1.510872e-03 
1.505905e-03 
1.500946e-03 
1.496008e-03 
1.491092e-03 
1.486197e-03 
1.481322e-03 
1.476469e-03 
1.471636e-03 
1.466823e-03 
1.462031e-03 
1.457260e-03 
1.452509e-03 
1.447778e-03 
1.443067e-03 
1.438376e-03 
1.433705e-03 
1.429053e-03 
1.424422e-03 
1.419809e-03 
1.415217e-03 
1.410643e-03 
1.406089e-03 
1.401554e-03 
1.397038e-03 
1.392541e-03 
1.388063e-03 
1.383603e-03 
1.379163e-03 
1.374740e-03 
1.370337e-03 
1.365951e-03 
1.361584e-03 
1.357235e-03 
1.352904e-03 
1.348591e-03 
1.344297e-03 
1.340019e-03 
1.335760e-03 
1.331518e-03 
1.327294e-03 
1.323087e-03 
1.318898e-03 
1.314725e-03 
1.310570e-03 
1.306433e-03 
1.302312e-03 
1.298208e-03 
1.294121e-03 
1.290050e-03 
1.285997e-03 
1.281959e-03 
1.277939e-03 
1.273935e-03 
1.269947e-03 
1.265975e-03 
1.262020e-03 
1.258080e-03 
1.254157e-03 
1.250250e-03 
1.246358e-03 
1.242483e-03 
1.238622e-03 
1.234778e-03 
1.230949e-03 
1.227136e-03 
1.223338e-03 
1.219555e-03 
1.215787e-03 
1.212035e-03 
1.208298e-03 
1.204575e-03 
1.200868e-03 
1.197175e-03 
1.193498e-03 
1.189835e-03 
1.186186e-03 
1.182553e-03 
1.178933e-03 
1.175328e-03 
1.171738e-03 
1.168162e-03 
1.164600e-03 
1.161052e-03 
1.157518e-03 
1.153998e-03 
1.150492e-03 
1.147000e-03 
1.143522e-03 
1.140058e-03 
1.136607e-03 
1.133170e-03 
1.129746e-03 
1.126336e-03 
1.122939e-03 
1.119556e-03 
1.116185e-03 
1.112828e-03 
1.109485e-03 
1.106154e-03 
1.102836e-03 
1.099532e-03 
1.096240e-03 
1.092961e-03 
1.089694e-03 
1.086441e-03 
1.083200e-03 
1.079972e-03 
1.076756e-03 
1.073553e-03 
1.070362e-03 
1.067183e-03 
1.064017e-03 
1.060863e-03 
1.057721e-03 
1.054592e-03 
1.051474e-03 
1.048368e-03 
1.045275e-03 
1.042193e-03 
1.039123e-03 
1.036065e-03 
1.033018e-03 
1.029983e-03 
1.026960e-03 
1.023948e-03 
1.020948e-03 
1.017960e-03 
1.014982e-03 
1.012016e-03 
1.009062e-03 
1.006118e-03 
1.003186e-03 
1.000265e-03 
9.973549e-04 
9.944558e-04 
9.915678e-04 
9.886907e-04 
9.858244e-04 
9.829690e-04 
9.801243e-04 
9.772904e-04 
9.744671e-04 
9.716545e-04 
9.688524e-04 
9.660608e-04 
9.632798e-04 
9.605091e-04 
9.577489e-04 
9.549989e-04 
9.522593e-04 
9.495299e-04 
9.468106e-04 
9.441015e-04 
9.414026e-04 
9.387136e-04 
9.360347e-04 
9.333657e-04 
9.307066e-04 
9.280574e-04 
9.254180e-04 
9.227884e-04 
9.201686e-04 
9.175584e-04 
9.149578e-04 
9.123669e-04 
9.097855e-04 
9.072136e-04 
9.046512e-04 
9.020983e-04 
8.995547e-04 
8.970204e-04 
8.944954e-04 
8.919798e-04 
8.894733e-04 
8.869760e-04 
8.844878e-04 
8.820087e-04 
8.795387e-04 
8.770776e-04 
8.746256e-04 
8.721824e-04 
8.697482e-04 
8.673228e-04 
8.649062e-04 
8.624984e-04 
8.600993e-04 
8.577089e-04 
8.553272e-04 
8.529541e-04 
8.505895e-04 
8.482335e-04 
8.458860e-04 
8.435470e-04 
8.412164e-04 
8.388941e-04 
8.365802e-04 
8.342747e-04 
8.319774e-04 
8.296883e-04 
8.274075e-04 
8.251348e-04 
8.228702e-04 
8.206138e-04 
8.183654e-04 
8.161250e-04 
8.138926e-04 
8.116682e-04 
8.094516e-04 
8.072430e-04 
8.050422e-04 
8.028493e-04 
8.006641e-04 
7.984866e-04 
7.963169e-04 
7.941549e-04 
7.920005e-04 
7.898537e-04 
7.877145e-04 
7.855828e-04 
7.834587e-04 
7.813420e-04 
7.792328e-04 
7.771310e-04 
7.750366e-04 
7.729495e-04 
7.708698e-04 
7.687973e-04 
7.667322e-04 
7.646742e-04 
7.626234e-04 
7.605798e-04 
7.585433e-04 
7.565140e-04 
7.544917e-04 
7.524764e-04 
7.504682e-04 
7.484669e-04 
7.464726e-04 
7.444852e-04 
7.425047e-04 
7.405311e-04 
7.385643e-04 
7.366043e-04 
7.346510e-04 
7.327046e-04 
7.307648e-04 
7.288318e-04 
7.269053e-04 
7.249856e-04 
7.230724e-04 
7.211658e-04 
7.192658e-04 
7.173723e-04 
7.154852e-04 
7.136047e-04 
7.117305e-04 
7.098628e-04 
7.080015e-04 
7.061465e-04 
7.042979e-04 
7.024556e-04 
7.006195e-04 
6.987897e-04 
6.969661e-04 
6.951488e-04 
6.933376e-04 
6.915325e-04 
6.897336e-04 
6.879407e-04 
6.861540e-04 
6.843732e-04 
6.825985e-04 
6.808298e-04 
6.790671e-04 
6.773103e-04 
6.755594e-04 
6.738145e-04 
6.720754e-04 
6.703421e-04 
6.686147e-04 
6.668930e-04 
6.651772e-04 
6.634671e-04 
6.617627e-04 
6.600640e-04 
6.583710e-04 
6.566837e-04 
6.550020e-04 
6.533259e-04 
6.516554e-04 
6.499904e-04 
6.483310e-04 
6.466772e-04 
6.450288e-04 
6.433859e-04 
6.417484e-04 
6.401164e-04 
6.384898e-04 
6.368685e-04 
6.352527e-04 
6.336421e-04 
6.320369e-04 
6.304370e-04 
6.288424e-04 
6.272530e-04 
6.256688e-04 
6.240899e-04 
6.225161e-04 
6.209476e-04 
6.193841e-04 
6.178258e-04 
6.162727e-04 
6.147245e-04 
6.131815e-04 
6.116435e-04 
6.101106e-04 
6.085826e-04 
6.070596e-04 
6.055416e-04 
6.040286e-04 
6.025204e-04 
6.010172e-04 
5.995188e-04 
5.980254e-04 
5.965367e-04 
5.950529e-04 
5.935739e-04 
5.920997e-04 
5.906303e-04 
5.891656e-04 
5.877057e-04 
5.862504e-04 
5.847999e-04 
5.833540e-04 
5.819128e-04 
5.804762e-04 
5.790443e-04 
5.776169e-04 
5.761942e-04 
5.747760e-04 
5.733623e-04 
5.719532e-04 
5.705486e-04 
5.691485e-04 
5.677528e-04 
5.663617e-04 
5.649749e-04 
5.635926e-04 
5.622147e-04 
5.608412e-04 
5.594720e-04 
5.581073e-04 
5.567468e-04 
5.553907e-04 
5.540388e-04 
5.526913e-04 
5.513480e-04 
5.500090e-04 
5.486742e-04 
5.473437e-04 
5.460173e-04 
5.446952e-04 
5.433772e-04 
5.420633e-04 
5.407536e-04 
5.394481e-04 
5.381466e-04 
5.368492e-04 
5.355559e-04 
5.342667e-04 
5.329815e-04 
5.317003e-04 
5.304231e-04 
5.291500e-04 
5.278808e-04 
5.266156e-04 
5.253543e-04 
5.240970e-04 
5.228436e-04 
5.215941e-04 
5.203485e-04 
5.191068e-04 
5.178689e-04 
5.166349e-04 
5.154047e-04 
5.141783e-04 
5.129557e-04 
5.117369e-04 
5.105219e-04 
5.093107e-04 
5.081032e-04 
5.068994e-04 
5.056993e-04 
5.045030e-04 
5.033103e-04 
5.021213e-04 
5.009360e-04 
4.997543e-04 
4.985762e-04 
4.974018e-04 
4.962309e-04 
4.950637e-04 
4.939000e-04 
4.927399e-04 
4.915834e-04 
4.904304e-04 
4.892809e-04 
4.881349e-04 
4.869924e-04 
4.858534e-04 
4.847179e-04 
4.835858e-04 
4.824572e-04 
4.813320e-04 
4.802102e-04 
4.790919e-04 
4.779769e-04 
4.768653e-04 
4.757571e-04 
4.746522e-04 
4.735507e-04 
4.724525e-04 
4.713577e-04 
4.702661e-04 
4.691778e-04 
4.680928e-04 
4.670111e-04 
4.659327e-04 
4.648574e-04 
4.637855e-04 
4.627167e-04 
4.616511e-04 
4.605888e-04 
4.595296e-04 
4.584736e-04 
4.574208e-04 
4.563711e-04 
4.553246e-04 
4.542812e-04 
4.532409e-04 
4.522037e-04 
4.511696e-04 
4.501386e-04 
4.491106e-04 
4.480857e-04 
4.470639e-04 
4.460451e-04 
4.450293e-04 
4.440165e-04 
4.430068e-04 
4.420000e-04 
4.409962e-04 
4.399954e-04 
4.389975e-04 
4.380026e-04 
4.370107e-04 
4.360216e-04 
4.350355e-04 
4.340523e-04 
4.330720e-04 
4.320945e-04 
4.311200e-04 
4.301483e-04 
4.291794e-04 
4.282134e-04 
4.272503e-04 
4.262899e-04 
4.253324e-04 
4.243777e-04 
4.234257e-04 
4.224766e-04 
4.215302e-04 
4.205866e-04 
4.196457e-04 
4.187076e-04 
4.177722e-04 
4.168396e-04 
4.159096e-04 
4.149824e-04 
4.140578e-04 
4.131360e-04 
4.122168e-04 
4.113003e-04 
4.103864e-04 
4.094752e-04 
4.085666e-04 
4.076606e-04 
4.067573e-04 
4.058566e-04 
4.049584e-04 
4.040629e-04 
4.031699e-04 
4.022795e-04 
4.013917e-04 
4.005064e-04 
3.996237e-04 
3.987435e-04 
3.978658e-04 
3.969907e-04 
3.961180e-04 
3.952190e-04 
3.943225e-04 
3.934287e-04 
3.925375e-04 
3.916489e-04 
3.907629e-04 
3.898796e-04 
3.889988e-04 
3.881205e-04 
3.872449e-04 
3.863718e-04 
3.855012e-04 
3.846332e-04 
3.837677e-04 
3.829047e-04 
3.820442e-04 
3.811863e-04 
3.803308e-04 
3.794778e-04 
3.786273e-04 
3.777792e-04 
3.769336e-04 
3.760905e-04 
3.752498e-04 
3.744115e-04 
3.735757e-04 
3.727422e-04 
3.719112e-04 
3.710826e-04 
3.702563e-04 
3.694325e-04 
3.686110e-04 
3.677919e-04 
3.669751e-04 
3.661607e-04 
3.653486e-04 
3.645388e-04 
3.637314e-04 
3.629263e-04 
3.621234e-04 
3.613229e-04 
3.605247e-04 
3.597287e-04 
3.589351e-04 
3.581436e-04 
3.573545e-04 
3.565676e-04 
3.557829e-04 
3.550005e-04 
3.542203e-04 
3.534423e-04 
3.526665e-04 
3.518930e-04 
3.511216e-04 
3.503524e-04 
3.495854e-04 
3.488206e-04 
3.480579e-04 
3.472974e-04 
3.465390e-04 
3.457828e-04 
3.450287e-04 
3.442768e-04 
3.435269e-04 
3.427792e-04 
3.420336e-04 
3.412901e-04 
3.405486e-04 
3.398093e-04 
3.390720e-04 
3.383368e-04 
3.376037e-04 
3.368726e-04 
3.361436e-04 
3.354166e-04 
3.346916e-04 
3.339687e-04 
3.332478e-04 
3.325289e-04 
3.318120e-04 
3.310971e-04 
3.303842e-04 
3.296733e-04 
3.289644e-04 
3.282574e-04 
3.275524e-04 
3.268494e-04 
3.261483e-04 
3.254492e-04 
3.247520e-04 
3.240567e-04 
3.233634e-04 
3.226720e-04 
3.219825e-04 
3.212949e-04 
3.206092e-04 
3.199254e-04 
3.192434e-04 
3.185634e-04 
3.178852e-04 
3.172089e-04 
3.165345e-04 
3.158619e-04 
3.151912e-04 
3.145223e-04 
3.138553e-04 
3.131900e-04 
3.125266e-04 
3.118651e-04 
3.112053e-04 
3.105473e-04 
3.098912e-04 
3.092368e-04 
3.085842e-04 
3.079335e-04 
3.072844e-04 
3.066372e-04 
3.059917e-04 
3.053480e-04 
3.047060e-04 
3.040658e-04 
3.034273e-04 
3.027905e-04 
3.021555e-04 
3.015222e-04 
3.008906e-04 
3.002607e-04 
2.996326e-04 
2.990061e-04 
2.983813e-04 
2.977583e-04 
2.971369e-04 
2.965172e-04 
2.958991e-04 
2.952827e-04 
2.946680e-04 
2.940549e-04 
2.934435e-04 
2.928338e-04 
2.922256e-04 
2.916192e-04 
2.910143e-04 
2.904110e-04 
2.898094e-04 
2.892094e-04 
2.886110e-04 
2.880142e-04 
2.874190e-04 
2.868254e-04 
2.862334e-04 
2.856429e-04 
2.850541e-04 
2.844668e-04 
2.838810e-04 
2.832969e-04 
2.827143e-04 
2.821332e-04 
2.815537e-04 
2.809757e-04 
2.803993e-04 
2.798243e-04 
2.792510e-04 
2.786791e-04 
2.781087e-04 
2.775399e-04 
2.769726e-04 
2.764067e-04 
2.758424e-04 
2.752795e-04 
2.747182e-04 
2.741583e-04 
2.735999e-04 
2.730430e-04 
2.724875e-04 
2.719335e-04 
2.713810e-04 
2.708299e-04 
2.702802e-04 
2.697320e-04 
2.691853e-04 
2.686400e-04 
2.680961e-04 
2.675536e-04 
2.670125e-04 
2.664729e-04 
2.659347e-04 
2.653979e-04 
2.648625e-04 
2.643284e-04 
2.637958e-04 
2.632646e-04 
2.627347e-04 
2.622063e-04 
2.616792e-04 
2.611534e-04 
2.606291e-04 
2.601061e-04 
2.595845e-04 
2.590642e-04 
2.585453e-04 
2.580277e-04 
2.575114e-04 
2.569965e-04 
2.564829e-04 
2.559707e-04 
2.554598e-04 
2.549502e-04 
2.544419e-04 
2.539349e-04 
2.534292e-04 
2.529249e-04 
2.524218e-04 
2.519200e-04 
2.514196e-04 
2.509204e-04 
2.504225e-04 
2.499258e-04 
2.494305e-04 
2.489364e-04 
2.484436e-04 
2.479520e-04 
2.474617e-04 
2.469727e-04 
2.464849e-04 
2.459983e-04 
2.455130e-04 
2.450290e-04 
2.445461e-04 
2.440645e-04 
2.435842e-04 
2.431050e-04 
2.426271e-04 
2.421504e-04 
2.416749e-04 
2.412006e-04 
2.407275e-04 
2.402556e-04 
2.397849e-04 
2.393154e-04 
2.388471e-04 
2.383800e-04 
2.379141e-04 
2.374493e-04 
2.369858e-04 
2.365233e-04 
2.360621e-04 
2.356020e-04 
2.351431e-04 
2.346854e-04 
2.342287e-04 
2.337733e-04 
2.333190e-04 
2.328658e-04 
2.324138e-04 
2.319629e-04 
2.315131e-04 
2.310645e-04 
2.306170e-04 
2.301706e-04 
2.297253e-04 
2.292812e-04 
2.288382e-04 
2.283962e-04 
2.279554e-04 
2.275157e-04 
2.270771e-04 
2.266395e-04 
2.262031e-04 
2.257677e-04 
2.253335e-04 
2.249003e-04 
2.244682e-04 
2.240371e-04 
2.236072e-04 
2.231783e-04 
2.227504e-04 
2.223237e-04 
2.218980e-04 
2.214733e-04 
2.210497e-04 
2.206271e-04 
2.202056e-04 
2.197852e-04 
2.193657e-04 
2.189473e-04 
2.185300e-04 
2.181137e-04 
2.176984e-04 
2.172841e-04 
2.168708e-04 
2.164586e-04 
2.160474e-04 
2.156371e-04 
2.152279e-04 
2.148197e-04 
2.144125e-04 
2.140063e-04 
2.136011e-04 
2.131969e-04 
2.127937e-04 
2.123915e-04 
2.119902e-04 
2.115899e-04 
2.111907e-04 
2.107923e-04 
2.103950e-04 
2.099986e-04 
2.096032e-04 
2.092088e-04 
2.088153e-04 
2.084228e-04 
2.080312e-04 
2.076406e-04 
2.072509e-04 
2.068622e-04 
2.064744e-04 
2.060876e-04 
2.057017e-04 
2.053167e-04 
2.049327e-04 
2.045496e-04 
2.041674e-04 
2.037862e-04 
2.034059e-04 
2.030265e-04 
2.026480e-04 
2.022704e-04 
2.018937e-04 
2.015180e-04 
2.011431e-04 
2.007692e-04 
2.003961e-04 
2.000240e-04 
1.996527e-04 
1.992824e-04 
1.989129e-04 
1.985443e-04 
1.981766e-04 
1.978098e-04 
1.974438e-04 
1.970787e-04 
1.967146e-04 
1.963512e-04 
1.959888e-04 
1.956272e-04 
1.952665e-04 
1.949066e-04 
1.945476e-04 
1.941894e-04 
1.938322e-04 
1.934757e-04 
1.931201e-04 
1.927654e-04 
1.924115e-04 
1.920584e-04 
1.917062e-04 
1.913548e-04 
1.910042e-04 
1.906545e-04 
1.903056e-04 
1.899575e-04 
1.896103e-04 
1.892639e-04 
1.889183e-04 
1.885735e-04 
1.882295e-04 
1.878864e-04 
1.875440e-04 
1.872025e-04 
1.868617e-04 
1.865218e-04 
1.861827e-04 
1.858443e-04 
1.855068e-04 
1.851700e-04 
1.848341e-04 
1.844989e-04 
1.841646e-04 
1.838310e-04 
1.834982e-04 
1.831661e-04 
1.828349e-04 
1.825044e-04 
1.821747e-04 
1.818458e-04 
1.815176e-04 
1.811902e-04 
1.808636e-04 
1.805377e-04 
1.802126e-04 
1.798882e-04 
1.795646e-04 
1.792418e-04 
1.789197e-04 
1.785984e-04 
1.782778e-04 
1.779579e-04 
1.776388e-04 
1.773205e-04 
1.770028e-04 
1.766860e-04 
1.763698e-04 
1.760544e-04 
1.757397e-04 
1.754257e-04 
1.751125e-04 
1.748000e-04 
1.744882e-04 
1.741771e-04 
1.738668e-04 
1.735571e-04 
1.732482e-04 
1.729400e-04 
1.726325e-04 
1.723257e-04 
1.720196e-04 
1.717142e-04 
1.714096e-04 
1.711056e-04 
1.708023e-04 
1.704997e-04 
1.701978e-04 
1.698966e-04 
1.695961e-04 
1.692963e-04 
1.689972e-04 
1.686987e-04 
1.684009e-04 
1.681038e-04 
1.678074e-04 
1.675117e-04 
1.672166e-04 
1.669223e-04 
1.666286e-04 
1.663355e-04 
1.660431e-04 
1.657514e-04 
1.654604e-04 
1.651700e-04 
1.648803e-04 
1.645912e-04 
1.643028e-04 
1.640150e-04 
1.637279e-04 
1.634415e-04 
1.631557e-04 
1.628705e-04 
1.625860e-04 
1.623021e-04 
1.620189e-04 
1.617363e-04 
1.614544e-04 
1.611731e-04 
1.608924e-04 
1.606123e-04 
1.603329e-04 
1.600541e-04 
1.597760e-04 
1.594984e-04 
1.592215e-04 
1.589453e-04 
1.586696e-04 
1.583946e-04 
1.581201e-04 
1.578463e-04 
1.575731e-04 
1.573005e-04 
1.570286e-04 
1.567572e-04 
1.564864e-04 
1.562163e-04 
1.559467e-04 
1.556778e-04 
1.554095e-04 
1.551417e-04 
1.548746e-04 
1.546080e-04 
1.543421e-04 
1.540767e-04 
1.538119e-04 
1.535477e-04 
1.532841e-04 
1.530211e-04 
1.527587e-04 
1.524969e-04 
1.522356e-04 
1.519749e-04 
1.517148e-04 
1.514553e-04 
1.511963e-04 
1.509379e-04 
1.506801e-04 
1.504229e-04 
1.501662e-04 
1.499101e-04 
1.496546e-04 
1.493996e-04 
1.491452e-04 
1.488913e-04 
1.486380e-04 
1.483792e-04 
1.481210e-04 
1.478634e-04 
1.476063e-04 
1.473498e-04 
1.470939e-04 
1.468386e-04 
1.465838e-04 
1.463296e-04 
1.460760e-04 
1.458229e-04 
1.455704e-04 
1.453185e-04 
1.450671e-04 
1.448163e-04 
1.445660e-04 
1.443163e-04 
1.440672e-04 
1.438186e-04 
1.435706e-04 
1.433231e-04 
1.430762e-04 
1.428298e-04 
1.425839e-04 
1.423386e-04 
1.420939e-04 
1.418497e-04 
1.416060e-04 
1.413629e-04 
1.411203e-04 
1.408782e-04 
1.406367e-04 
1.403957e-04 
1.401553e-04 
1.399153e-04 
1.396760e-04 
1.394371e-04 
1.391987e-04 
1.389609e-04 
1.387236e-04 
1.384869e-04 
1.382506e-04 
1.380149e-04 
1.377797e-04 
1.375450e-04 
1.373108e-04 
1.370771e-04 
1.368440e-04 
1.366113e-04 
1.363792e-04 
1.361476e-04 
1.359165e-04 
1.356858e-04 
1.354557e-04 
1.352261e-04 
1.349970e-04 
1.347684e-04 
1.345403e-04 
1.343127e-04 
1.340856e-04 
1.338590e-04 
1.336328e-04 
1.334072e-04 
1.331821e-04 
1.329574e-04 
1.327333e-04 
1.325096e-04 
1.322864e-04 
1.320637e-04 
1.318415e-04 
1.316197e-04 
1.313985e-04 
1.311777e-04 
1.309574e-04 
1.307375e-04 
1.305182e-04 
1.302993e-04 
1.300809e-04 
1.298630e-04 
1.296455e-04 
1.294285e-04 
1.292120e-04 
1.289959e-04 
1.287803e-04 
1.285652e-04 
1.283506e-04 
1.281363e-04 
1.279226e-04 
1.277093e-04 
1.274965e-04 
1.272841e-04 
1.270722e-04 
1.268608e-04 
1.266498e-04 
1.264392e-04 
1.262291e-04 
1.260195e-04 
1.258102e-04 
1.256015e-04 
1.253932e-04 
1.251853e-04 
1.249779e-04 
1.247709e-04 
1.245644e-04 
1.243583e-04 
1.241526e-04 
1.239474e-04 
1.237426e-04 
1.235383e-04 
1.233344e-04 
1.231309e-04 
1.229279e-04 
1.227253e-04 
1.225231e-04 
1.223213e-04 
1.221200e-04 
1.219191e-04 
1.217186e-04 
1.215186e-04 
1.213190e-04 
1.211198e-04 
1.209210e-04 
1.207226e-04 
1.205247e-04 
1.203272e-04 
1.201301e-04 
1.199334e-04 
1.197371e-04 
1.195413e-04 
1.193458e-04 
1.191508e-04 
1.189562e-04 
1.187620e-04 
1.185681e-04 
1.183748e-04 
1.181818e-04 
1.179892e-04 
1.177970e-04 
1.176052e-04 
1.174138e-04 
1.172229e-04 
1.170323e-04 
1.168421e-04 
1.166524e-04 
1.164630e-04 
1.162740e-04 
1.160854e-04 
1.158972e-04 
1.157094e-04 
1.155220e-04 
1.153350e-04 
1.151484e-04 
1.149621e-04 
1.147763e-04 
1.145908e-04 
1.144057e-04 
1.142211e-04 
1.140368e-04 
1.138528e-04 
1.136693e-04 
1.134861e-04 
1.133034e-04 
1.131210e-04 
1.129389e-04 
1.127573e-04 
1.125760e-04 
1.123951e-04 
1.122146e-04 
1.120345e-04 
1.118547e-04 
1.116753e-04 
1.114963e-04 
1.113176e-04 
1.111393e-04 
1.109614e-04 
1.107839e-04 
1.106067e-04 
1.104299e-04 
1.102534e-04 
1.100773e-04 
1.099016e-04 
1.097262e-04 
1.095512e-04 
1.093766e-04 
1.092023e-04 
1.090283e-04 
1.088548e-04 
1.086815e-04 
1.085087e-04 
1.083362e-04 
1.081640e-04 
1.079922e-04 
1.078207e-04 
1.076496e-04 
1.074789e-04 
1.073085e-04 
1.071384e-04 
1.069687e-04 
1.067994e-04 
1.066304e-04 
1.064617e-04 
1.062934e-04 
1.061254e-04 
1.059577e-04 
1.057904e-04 
1.056235e-04 
1.054569e-04 
1.052906e-04 
1.051246e-04 
1.049590e-04 
1.047938e-04 
1.046288e-04 
1.044642e-04 
1.043000e-04 
1.041360e-04 
1.039724e-04 
1.038092e-04 
1.036462e-04 
1.034836e-04 
1.033214e-04 
1.031594e-04 
1.029978e-04 
1.028365e-04 
1.026755e-04 
1.025149e-04 
1.023545e-04 
1.021945e-04 
1.020349e-04 
1.018755e-04 
1.017165e-04 
1.015577e-04 
1.013994e-04 
1.012413e-04 
1.010835e-04 
1.009261e-04 
1.007689e-04 
1.006121e-04 
1.004556e-04 
1.002995e-04 
1.001436e-04 
9.998802e-05 
9.983278e-05 
9.967784e-05 
9.952321e-05 
9.936890e-05 
9.921489e-05 
9.906119e-05 
9.890780e-05 
9.875471e-05 
9.860193e-05 
9.844945e-05 
9.829727e-05 
9.814540e-05 
9.799384e-05 
9.784257e-05 
9.769161e-05 
9.754094e-05 
9.739058e-05 
9.724051e-05 
9.709074e-05 
9.694127e-05 
9.679210e-05 
9.664322e-05 
9.649464e-05 
9.634635e-05 
9.619835e-05 
9.605065e-05 
9.590324e-05 
9.575612e-05 
9.560930e-05 
9.546276e-05 
9.531651e-05 
9.517056e-05 
9.502488e-05 
9.487950e-05 
9.473441e-05 
9.458960e-05 
9.444507e-05 
9.430083e-05 
9.415688e-05 
9.401320e-05 
9.386981e-05 
9.372671e-05 
9.358388e-05 
9.344133e-05 
9.329907e-05 
9.315708e-05 
9.301537e-05 
9.287394e-05 
9.273279e-05 
9.259191e-05 
9.245131e-05 
9.231099e-05 
9.217094e-05 
9.203116e-05 
9.189166e-05 
9.175243e-05 
9.161347e-05 
9.147478e-05 
9.133636e-05 
9.119822e-05 
9.106034e-05 
9.092273e-05 
9.078539e-05 
9.064832e-05 
9.051151e-05 
9.037497e-05 
9.023869e-05 
9.010268e-05 
8.996694e-05 
8.983146e-05 
8.969624e-05 
8.956128e-05 
8.942659e-05 
8.929216e-05 
8.915798e-05 
8.902407e-05 
8.889042e-05 
8.875702e-05 
8.862389e-05 
8.849101e-05 
8.835838e-05 
8.822602e-05 
8.809391e-05 
8.796205e-05 
8.783045e-05 
8.769911e-05 
8.756801e-05 
8.743717e-05 
8.730658e-05 
8.717625e-05 
8.704616e-05 
8.691632e-05 
8.678674e-05 
8.665740e-05 
8.652831e-05 
8.639947e-05 
8.627088e-05 
8.614253e-05 
8.601443e-05 
8.588657e-05 
8.575896e-05 
8.563160e-05 
8.550448e-05 
8.537760e-05 
8.525096e-05 
8.512457e-05 
8.499842e-05 
8.487251e-05 
8.474684e-05 
8.462141e-05 
8.449622e-05 
8.437126e-05 
8.424655e-05 
8.412208e-05 
8.399784e-05 
8.387383e-05 
8.375007e-05 
8.362654e-05 
8.350324e-05 
8.338018e-05 
8.325735e-05 
8.313476e-05 
8.301240e-05 
8.289027e-05 
8.276837e-05 
8.264670e-05 
8.252527e-05 
8.240406e-05 
8.228309e-05 
8.216234e-05 
8.204182e-05 
8.192153e-05 
8.180147e-05 
8.168163e-05 
8.156202e-05 
8.144264e-05 
8.132348e-05 
8.120455e-05 
8.108584e-05 
8.096735e-05 
8.084909e-05 
8.073105e-05 
8.061323e-05 
8.049564e-05 
8.037826e-05 
8.026111e-05 
8.014417e-05 
8.002746e-05 
7.991097e-05 
7.979469e-05 
7.967863e-05 
7.956279e-05 
7.944717e-05 
7.933176e-05 
7.921657e-05 
7.910160e-05 
7.898684e-05 
7.887229e-05 
7.875796e-05 
7.864385e-05 
7.852994e-05 
7.841625e-05 
7.830277e-05 
7.818951e-05 
7.807645e-05 
7.796361e-05 
7.785097e-05 
7.773855e-05 
7.762633e-05 
7.751433e-05 
7.740253e-05 
7.729094e-05 
7.717956e-05 
7.706838e-05 
7.695742e-05 
7.684665e-05 
7.673610e-05 
7.662574e-05 
7.651560e-05 
7.640565e-05 
7.629592e-05 
7.618638e-05 
7.607705e-05 
7.596792e-05 
7.585899e-05 
7.575026e-05 
7.564173e-05 
7.553341e-05 
7.542528e-05 
7.531735e-05 
7.520963e-05 
7.510210e-05 
7.499477e-05 
7.488764e-05 
7.478070e-05 
7.467396e-05 
7.456742e-05 
7.446108e-05 
7.435493e-05 
7.424897e-05 
7.414321e-05 
7.403765e-05 
7.393228e-05 
7.382710e-05 
7.372211e-05 
7.361732e-05 
7.351272e-05 
7.340831e-05 
7.330409e-05 
7.320007e-05 
7.309623e-05 
7.299258e-05 
7.288913e-05 
7.278586e-05 
7.268278e-05 
7.257989e-05 
7.247718e-05 
7.237467e-05 
7.227234e-05 
7.217020e-05 
7.206824e-05 
7.196647e-05 
7.186489e-05 
7.176349e-05 
7.166227e-05 
7.156124e-05 
7.146040e-05 
7.135973e-05 
7.125925e-05 
7.115895e-05 
7.105884e-05 
7.095890e-05 
7.085915e-05 
7.075958e-05 
7.066018e-05 
7.056097e-05 
7.046194e-05 
7.036309e-05 
7.026441e-05 
7.016592e-05 
7.006760e-05 
6.996946e-05 
6.987150e-05 
6.977371e-05 
6.967610e-05 
6.957867e-05 
6.948141e-05 
6.938433e-05 
6.928742e-05 
6.919069e-05 
6.909413e-05 
6.899775e-05 
6.890154e-05 
6.880550e-05 
6.870963e-05 
6.861394e-05 
6.851842e-05 
6.842307e-05 
6.832789e-05 
6.823289e-05 
6.813805e-05 
6.804338e-05 
6.794888e-05 
6.785456e-05 
6.776040e-05 
6.766641e-05 
6.757258e-05 
6.747893e-05 
6.738544e-05 
6.729212e-05 
6.719897e-05 
6.710598e-05 
6.701316e-05 
6.692051e-05 
6.682802e-05 
6.673569e-05 
6.664353e-05 
6.655153e-05 
6.645970e-05 
6.636803e-05 
6.627652e-05 
6.618518e-05 
6.609400e-05 
6.600298e-05 
6.591212e-05 
6.582143e-05 
6.573089e-05 
6.564052e-05 
6.555031e-05 
6.546025e-05 
6.537036e-05 
6.528062e-05 
6.519105e-05 
6.510163e-05 
6.501237e-05 
6.492327e-05 
6.483432e-05 
6.474554e-05 
6.465691e-05 
6.456843e-05 
6.448012e-05 
6.439195e-05 
6.430395e-05 
6.421610e-05 
6.412840e-05 
6.404086e-05 
6.395347e-05 
6.386624e-05 
6.377916e-05 
6.369223e-05 
6.360546e-05 
6.351884e-05 
6.343237e-05 
6.334605e-05 
6.325989e-05 
6.317387e-05 
6.308801e-05 
6.300229e-05 
6.291673e-05 
6.283132e-05 
6.274606e-05 
6.266094e-05 
6.257598e-05 
6.249116e-05 
6.240649e-05 
6.232197e-05 
6.223760e-05 
6.215337e-05 
6.206930e-05 
6.198536e-05 
6.190158e-05 
6.181794e-05 
6.173445e-05 
6.165110e-05 
6.156790e-05 
6.148484e-05 
6.140193e-05 
6.131916e-05 
6.123653e-05 
6.115405e-05 
6.107172e-05 
6.098952e-05 
6.090747e-05 
6.082556e-05 
6.074379e-05 
6.066217e-05 
6.058068e-05 
6.049934e-05 
6.041814e-05 
6.033708e-05 
6.025616e-05 
6.017538e-05 
6.009473e-05 
6.001423e-05 
5.993387e-05 
5.985365e-05 
5.977356e-05 
5.969361e-05 
5.961381e-05 
5.953413e-05 
5.945460e-05 
5.937520e-05 
5.929594e-05 
5.921682e-05 
5.913783e-05 
5.905898e-05 
5.898027e-05 
5.890169e-05 
5.882324e-05 
5.874493e-05 
5.866676e-05 
5.858871e-05 
5.851081e-05 
5.843303e-05 
5.835539e-05 
5.827788e-05 
5.820051e-05 
5.812327e-05 
5.804616e-05 
5.796918e-05 
5.789233e-05 
5.781562e-05 
5.773904e-05 
5.766258e-05 
5.758626e-05 
5.751007e-05 
5.743401e-05 
5.735808e-05 
5.728227e-05 
5.720660e-05 
5.713106e-05 
5.705564e-05 
5.698036e-05 
5.690520e-05 
5.683017e-05 
5.675526e-05 
5.668049e-05 
5.660584e-05 
5.653132e-05 
5.645692e-05 
5.638266e-05 
5.630851e-05 
5.623450e-05 
5.616060e-05 
5.608684e-05 
5.601320e-05 
5.593968e-05 
5.586629e-05 
5.579302e-05 
5.571988e-05 
5.564686e-05 
5.557396e-05 
5.550119e-05 
5.542854e-05 
5.535601e-05 
5.528361e-05 
5.521133e-05 
5.513917e-05 
5.506713e-05 
5.499521e-05 
5.492341e-05 
5.485174e-05 
5.478019e-05 
5.470875e-05 
5.463744e-05 
5.456624e-05 
5.449517e-05 
5.442421e-05 
5.435338e-05 
5.428266e-05 
5.421207e-05 
5.414159e-05 
5.407123e-05 
5.400098e-05 
5.393086e-05 
5.386085e-05 
5.379096e-05 
5.372119e-05 
5.365153e-05 
5.358199e-05 
5.351257e-05 
5.344326e-05 
5.337407e-05 
5.330499e-05 
5.323603e-05 
5.316718e-05 
5.309845e-05 
5.302984e-05 
5.296134e-05 
5.289295e-05 
5.282467e-05 
5.275652e-05 
5.268847e-05 
5.262054e-05 
5.255272e-05 
5.248501e-05 
5.241741e-05 
5.234993e-05 
5.228256e-05 
5.221530e-05 
5.214816e-05 
5.208112e-05 
5.201420e-05 
5.194739e-05 
5.188068e-05 
5.181409e-05 
5.174761e-05 
5.168124e-05 
5.161498e-05 
5.154883e-05 
5.148279e-05 
5.141685e-05 
5.135103e-05 
5.128531e-05 
5.121971e-05 
5.115421e-05 
5.108882e-05 
5.102354e-05 
5.095836e-05 
5.089329e-05 
5.082833e-05 
5.076348e-05 
5.069874e-05 
5.063410e-05 
5.056956e-05 
5.050514e-05 
5.044082e-05 
5.037660e-05 
5.031249e-05 
5.024849e-05 
5.018459e-05 
5.012079e-05 
5.005710e-05 
4.999352e-05 
4.993003e-05 
4.986666e-05 
4.980338e-05 
4.974021e-05 
4.967715e-05 
4.961419e-05 
4.955133e-05 
4.948857e-05 
4.942591e-05 
4.936336e-05 
4.930091e-05 
4.923856e-05 
4.917632e-05 
4.911417e-05 
4.905213e-05 
4.899019e-05 
4.892835e-05 
4.886661e-05 
4.880497e-05 
4.874343e-05 
4.868199e-05 
4.862065e-05 
4.855941e-05 
4.849827e-05 
4.843723e-05 
4.837629e-05 
4.831544e-05 
4.825470e-05 
4.819405e-05 
4.813351e-05 
4.807306e-05 
4.801271e-05 
4.795245e-05 
4.789230e-05 
4.783224e-05 
4.777228e-05 
4.771242e-05 
4.765265e-05 
4.759298e-05 
4.753341e-05 
4.747393e-05 
4.741455e-05 
4.735526e-05 
4.729607e-05 
4.723698e-05 
4.717798e-05 
4.711908e-05 
4.706027e-05 
4.700155e-05 
4.694293e-05 
4.688441e-05 
4.682598e-05 
4.676764e-05 
4.670940e-05 
4.665125e-05 
4.659319e-05 
4.653523e-05 
4.647736e-05 
4.641958e-05 
4.636190e-05 
4.630431e-05 
4.624681e-05 
4.618940e-05 
4.613209e-05 
4.607486e-05 
